500000
42,731
145,853
6,266
99,627
33,375
59,318
170,794
24,316
178,894
178,249
153,893
96,323
11,674
116,15
29,327
118,520
132,75
156,429
76,464
194,176
46,504
182,222
98,420
115,323
182,917
178,192
166,928
57,977
64,7
96,787
139,47
101,549
152,801
29,912
105,244
122,896
64,77
176,144
198,159
136,971
44,245
133,548
158,155
19,327
50,400
184,474
37,148
191,732
35,17
184,960
135,15
37,120
174,890
9,387
36,546
160,533
39,671
41,150
175,482
100,173
51,24
102,913
200,25
62,876
33,473
168,650
141,122
29,399
17,442
69,859
74,188
76,483
25,503
57,782
95,149
31,517
99,762
109,289
113,488
109,845
25,311
127,739
51,162
4,954
71,419
158,228
24,817
146,73
125,61
128,727
14,764
124,949
46,736
183,902
132,813
70,873
131,626
117,543
64,289
165,619
83,851
121,857
177,521
107,491
132,521
30,846
5,527
92,342
10,468
158,940
151,727
101,587
123,321
176,543
181,10
104,13
132,139
154,950
197,175
64,162
45,284
196,745
122,628
110,230
72,588
36,620
169,979
179,29
113,357
146,145
158,542
122,774
1,296
80,866
135,682
118,903
94,577
25,93
75,241
10,571
5,42
25,759
151,140
118,862
173,368
49,692
88,370
135,476
24,890
75,424
199,276
19,436
190,52
142,371
121,301
162,563
99,116
2,342
138,261
179,404
8,427
160,728
106,154
88,835
144,423
45,46
95,376
171,706
70,488
58,437
94,569
106,134
197,584
65,977
113,426
133,943
176,445
191,114
9,300
84,251
79,664
12,761
43,543
52,925
183,151
118,15
30,731
119,151
38,819
86,767
198,604
126,12
56,436
166,658
37,3
6,550
71,20
85,616
142,508
135,658
23,825
147,733
63,88
117,418
94,846
128,590
6,361
131,393
126,691
111,781
161,325
154,487
57,678
196,965
67,7
75,596
192,691
161,600
158,342
174,607
107,213
129,392
91,448
133,331
182,60
199,379
18,343
114,703
53,327
90,600
195,412
96,564
3,716
77,868
20,720
24,193
139,951
72,339
122,49
28,655
143,392
70,798
133,924
6,676
137,577
5,493
152,634
101,742
51,336
133,319
52,719
158,888
51,306
18,849
45,966
69,384
174,132
55,238
200,597
58,892
183,914
181,233
137,320
96,486
182,366
130,412
165,979
24,96
12,39
121,208
62,342
58,993
17,864
172,222
200,222
9,862
130,193
152,67
37,315
54,515
33,720
11,537
14,498
62,684
34,940
70,691
19,331
110,700
126,928
42,333
181,683
1,93
91,778
49,504
68,68
21,479
48,197
135,201
186,634
110,889
35,618
148,725
4,130
175,622
52,897
47,823
100,35
105,240
48,214
48,984
102,990
92,79
126,867
71,665
54,637
123,642
41,259
9,374
84,827
99,205
113,202
65,433
145,916
187,679
26,705
56,763
196,813
93,777
135,977
160,555
1,369
1,486
126,955
20,468
139,945
183,555
53,343
48,511
72,748
72,180
72,359
8,856
43,553
153,570
40,820
41,919
163,195
78,578
2,394
81,409
197,365
38,615
179,773
140,652
62,624
138,543
187,483
42,851
19,157
131,46
155,850
47,650
152,608
24,595
173,838
185,399
180,379
2,585
138,310
59,280
84,954
34,60
41,651
16,616
167,47
109,19
104,369
39,908
56,776
71,12
44,176
105,138
13,794
47,664
168,750
10,846
130,724
16,674
101,479
171,239
141,482
129,117
67,227
138,769
181,163
104,479
15,763
189,834
183,32
101,384
19,708
186,8
198,114
101,691
33,903
119,540
114,271
178,707
28,502
115,982
124,22
2,963
82,963
47,688
73,3
161,942
3,392
100,186
152,7
92,550
67,379
40,52
145,67
164,524
179,399
77,182
2,666
52,316
33,573
167,195
179,84
156,682
193,420
123,40
68,595
54,948
101,29
142,192
58,912
195,955
56,596
170,764
170,731
160,310
46,798
14,944
86,268
135,508
161,840
12,814
94,282
113,922
7,387
171,147
81,929
21,683
33,238
44,929
89,913
140,262
180,232
77,636
104,564
185,277
24,511
128,664
92,12
166,236
177,424
14,346
17,570
177,413
172,384
171,541
7,899
107,346
53,161
6,787
166,676
19,789
189,275
179,193
40,433
88,230
56,588
156,649
68,205
94,464
191,851
187,854
18,209
9,289
151,241
139,91
53,573
115,782
37,528
12,525
147,92
120,108
155,277
16,169
194,488
130,40
72,298
85,32
172,983
83,519
25,644
167,5
18,459
97,431
111,778
131,927
37,372
129,278
96,112
114,346
131,892
139,86
23,565
69,798
175,416
18,948
118,848
27,549
108,122
71,364
43,471
166,654
146,363
141,664
130,565
30,35
131,370
6,699
197,223
191,353
106,631
152,245
115,859
62,942
2,142
112,595
78,73
182,251
150,824
191,28
12,918
18,413
97,939
178,940
106,133
144,126
184,981
152,630
72,250
25,709
104,408
126,996
176,561
163,627
168,741
196,632
173,97
97,490
159,695
179,786
47,191
85,750
123,487
124,441
142,57
115,95
72,170
152,910
65,107
115,206
153,440
41,603
60,380
12,766
154,647
191,837
87,499
10,195
18,461
74,892
167,581
144,479
81,978
198,634
57,537
172,340
72,832
76,522
167,851
152,816
116,907
20,521
48,803
144,876
25,676
133,197
129,640
187,19
36,740
97,202
145,309
33,353
49,137
41,115
72,876
107,165
12,194
144,581
188,868
175,455
189,781
39,501
53,846
6,348
180,347
33,220
41,160
107,884
84,750
70,592
66,510
152,431
130,273
105,538
123,997
102,116
68,459
82,156
2,961
27,518
194,411
112,383
91,142
3,742
72,851
161,258
134,621
142,167
42,682
26,394
186,430
94,193
61,107
73,189
64,269
131,307
39,827
26,7
127,85
138,267
75,891
59,277
191,80
147,670
83,704
108,714
45,866
163,461
67,301
115,949
54,315
17,12
100,351
196,793
136,185
73,410
49,449
28,639
144,118
133,956
62,16
159,776
159,634
116,255
53,941
24,448
64,188
190,442
14,470
194,829
52,351
105,719
136,702
115,118
170,432
104,364
21,847
121,962
133,477
76,25
36,382
107,545
140,615
104,451
163,540
87,997
7,896
113,593
143,251
126,732
154,579
170,77
128,39
40,311
41,139
157,86
155,184
47,666
109,750
76,888
125,166
136,47
36,587
121,821
173,210
30,439
133,179
1,482
183,831
147,260
30,332
97,956
166,416
93,589
21,409
95,651
163,542
106,550
71,273
169,613
127,873
48,636
86,193
149,935
166,155
186,257
28,338
159,678
155,748
58,78
72,473
34,265
87,120
104,810
13,453
134,649
172,565
172,429
16,673
149,257
158,832
91,501
131,423
140,323
39,126
127,410
53,272
172,343
52,823
51,330
35,308
21,934
94,371
195,387
61,385
78,634
16,833
67,688
170,578
54,16
186,875
110,577
159,241
166,939
54,540
133,263
164,416
81,601
148,845
34,554
61,583
112,754
129,74
73,139
3,908
52,79
23,868
197,975
10,263
105,187
137,755
163,148
32,410
118,1000
197,275
181,736
103,185
162,982
29,431
180,905
125,769
80,732
61,766
166,547
68,817
140,936
39,549
148,478
45,194
52,349
95,794
74,707
123,876
187,754
129,10
75,766
151,898
155,147
29,1000
125,581
51,760
74,628
187,469
117,78
57,889
138,290
122,964
177,853
186,208
197,652
106,459
134,578
45,676
107,432
43,715
64,334
160,388
165,827
171,577
144,486
23,505
67,188
158,608
120,292
29,902
157,53
98,95
198,778
116,890
149,249
71,98
80,330
6,672
2,32
170,856
16,378
138,918
51,685
197,351
126,243
22,183
186,488
101,489
23,198
174,301
141,455
197,337
155,468
147,603
10,616
200,172
69,893
125,483
17,467
195,591
195,964
16,965
101,539
197,463
9,467
49,417
145,663
39,597
199,420
105,872
99,197
80,141
69,428
67,75
192,474
34,742
94,609
185,219
73,177
95,968
85,776
121,244
100,634
183,193
187,942
37,791
99,920
107,785
5,54
155,926
135,498
48,299
178,35
188,301
160,261
172,962
107,604
153,209
4,353
127,901
84,433
4,767
110,519
200,732
93,63
140,91
46,11
156,780
26,420
98,715
1,366
62,834
56,816
11,999
81,633
146,981
140,114
177,309
83,980
80,511
23,622
179,362
109,9
115,475
200,964
139,971
4,309
186,95
96,345
193,621
54,679
15,201
96,692
187,832
160,364
43,848
168,20
87,805
82,688
123,904
168,849
159,391
123,217
156,906
34,700
127,132
96,510
37,926
78,24
53,204
10,97
35,60
151,827
88,971
170,13
83,859
176,760
9,935
148,139
67,986
76,756
25,404
136,818
139,820
43,55
50,391
147,29
124,653
12,162
135,876
137,310
76,89
190,364
2,98
140,29
99,568
61,883
82,392
103,176
154,637
98,870
97,518
126,394
181,57
147,398
7,685
160,813
156,785
94,389
56,112
35,515
158,720
45,567
52,768
70,344
144,941
12,661
181,592
77,987
165,53
19,814
10,946
146,614
57,107
66,893
58,956
11,471
165,25
176,274
158,512
103,687
46,840
66,465
47,587
119,802
103,842
82,331
12,556
64,891
122,951
96,287
101,272
64,509
13,671
20,452
168,498
60,768
120,820
44,870
172,19
64,378
7,690
91,762
92,926
100,85
194,354
160,838
21,133
48,238
60,133
161,91
189,757
17,78
168,55
102,540
15,722
61,655
34,675
94,927
41,764
169,776
42,861
155,797
87,919
179,73
25,839
87,218
40,527
51,111
20,109
193,110
76,933
107,412
56,281
53,61
111,462
80,823
97,613
98,624
163,399
195,546
131,296
179,784
25,515
159,394
58,331
80,39
110,548
14,435
102,921
144,750
34,153
23,943
44,309
17,946
70,646
39,178
83,399
65,165
174,595
152,133
97,310
136,861
120,964
184,67
169,275
47,462
52,526
131,576
43,446
71,130
183,79
6,42
135,869
122,902
55,945
59,678
152,522
89,737
140,709
86,678
50,260
159,846
167,838
101,879
76,691
165,736
183,95
51,375
181,620
66,568
36,607
81,382
21,489
67,965
11,328
15,447
148,347
137,914
164,589
50,160
158,341
12,366
60,439
140,296
150,322
108,723
91,190
94,547
120,575
183,108
132,97
37,635
144,270
40,58
138,802
81,656
133,347
27,708
145,815
9,348
200,154
42,121
87,777
40,221
121,761
71,352
199,368
44,769
84,45
167,553
189,346
136,929
151,192
31,53
164,223
15,514
7,589
29,578
118,830
39,222
164,707
49,248
124,396
178,186
68,776
31,30
164,941
99,874
82,546
38,256
170,161
138,338
21,829
195,358
127,597
10,695
107,86
35,853
134,569
27,518
67,987
149,62
93,73
56,219
10,159
132,276
140,964
84,816
121,97
81,921
5,48
134,917
126,97
52,470
16,566
155,323
11,733
79,369
183,147
4,358
94,541
109,542
176,129
168,355
61,486
170,496
91,281
146,759
199,349
158,688
151,852
85,721
153,979
158,241
138,836
197,442
107,406
121,214
85,343
38,154
69,10
91,792
151,451
130,222
159,361
104,225
24,929
22,856
41,862
8,336
11,38
20,631
182,981
152,50
171,125
87,219
184,793
167,27
130,714
97,605
31,435
169,881
147,386
46,354
198,456
185,184
3,433
161,573
61,488
56,95
64,292
190,166
98,321
33,983
29,645
128,100
59,635
52,626
86,735
3,411
183,628
16,232
85,62
71,17
74,285
182,482
165,777
87,478
170,87
2,871
159,583
45,507
181,439
59,864
153,209
136,115
191,918
40,418
107,83
179,562
80,237
103,698
199,754
140,723
190,245
198,225
68,322
101,553
120,53
13,651
100,389
123,971
19,685
73,264
76,513
4,338
59,26
129,264
53,184
174,736
194,108
79,273
20,580
38,309
28,563
4,582
3,664
183,931
158,951
182,618
194,165
36,268
59,475
166,792
35,805
84,787
129,589
127,98
40,106
43,352
76,661
56,450
154,843
18,626
184,984
53,260
126,18
127,44
109,399
96,857
125,540
15,847
22,220
106,86
180,941
24,108
165,156
47,406
31,288
78,606
15,802
96,417
107,877
87,563
3,75
116,739
18,585
150,24
39,44
129,586
186,759
21,247
176,566
164,95
41,767
47,399
93,423
86,507
154,500
13,703
163,631
145,463
155,390
5,677
113,95
68,775
178,322
75,369
139,39
173,130
141,142
126,683
120,961
14,677
151,207
33,137
118,555
186,368
159,598
96,84
155,769
57,150
74,22
67,99
81,365
85,161
143,959
150,222
145,693
62,753
53,631
77,840
188,193
28,467
34,750
55,14
66,204
135,138
15,301
121,500
28,789
112,21
8,2
41,181
155,221
135,839
65,270
100,681
92,947
9,350
141,430
3,296
188,240
79,804
85,495
183,662
191,864
165,630
139,908
164,379
163,337
162,19
154,540
133,644
12,965
48,730
185,1
118,48
83,161
186,261
31,774
164,115
175,345
62,469
169,942
34,248
68,376
101,294
136,432
77,907
2,637
3,644
92,433
120,151
118,912
88,542
12,245
139,271
156,573
22,464
87,636
139,43
7,489
76,300
1,428
105,239
61,354
198,650
118,505
55,214
121,409
69,91
2,696
119,736
108,937
12,934
105,55
163,618
40,291
128,189
193,779
197,21
192,340
198,109
15,326
89,563
31,180
34,620
15,277
8,912
26,861
69,632
161,614
97,391
60,426
190,215
36,406
102,277
120,25
71,383
88,373
63,808
77,834
112,359
134,954
188,110
161,94
25,36
162,269
104,250
174,149
160,206
41,132
164,34
154,803
102,856
152,987
43,1000
116,702
56,689
181,5
183,390
172,96
34,998
180,287
184,427
183,81
94,413
121,305
126,684
147,371
159,729
68,839
122,599
91,923
168,592
191,725
154,201
21,678
12,710
10,375
173,179
181,595
48,427
50,485
200,626
69,528
165,557
82,430
58,441
97,221
48,304
193,536
167,416
182,998
45,886
171,772
57,707
39,634
74,247
48,185
77,262
89,780
147,373
72,523
98,620
69,551
86,54
85,21
170,454
99,917
18,522
159,953
98,354
67,68
139,443
69,252
85,117
124,486
92,567
98,594
125,677
163,509
144,277
137,660
52,654
148,72
79,878
68,788
82,494
8,920
17,559
38,774
142,803
42,41
53,2
155,705
160,71
160,755
181,410
55,813
98,563
10,330
106,856
66,790
127,132
152,182
137,585
155,127
151,342
146,990
130,175
38,905
85,901
165,115
41,112
113,965
67,566
95,876
74,495
102,804
105,500
104,712
158,321
66,800
183,142
145,557
6,82
35,358
147,686
178,272
50,38
179,102
4,523
152,597
111,511
181,439
17,278
185,302
96,779
11,273
65,683
124,211
40,560
147,335
185,185
127,144
169,112
192,542
89,983
136,597
57,430
126,15
144,645
190,825
199,874
111,208
139,764
66,625
8,180
77,741
27,785
125,692
20,800
112,191
21,472
108,994
117,788
32,190
145,541
140,657
4,485
151,426
134,298
147,486
119,456
79,571
4,626
72,866
145,787
132,225
190,741
66,89
192,713
32,236
137,573
105,610
141,723
159,900
90,654
115,995
74,243
191,756
144,421
50,856
110,497
135,440
14,387
186,61
101,810
133,32
93,318
191,864
111,143
128,682
40,43
124,402
117,331
103,682
64,255
199,50
110,208
119,815
175,111
111,358
68,471
112,603
178,132
198,334
139,906
147,220
141,984
140,99
200,201
8,111
4,780
141,512
145,734
127,414
23,163
183,119
51,585
34,475
7,884
173,507
72,320
179,417
86,308
127,613
37,48
175,94
188,111
176,912
142,544
183,705
37,414
98,242
110,550
194,825
152,992
9,405
8,880
139,24
92,817
168,929
180,229
73,961
162,370
45,155
175,808
158,878
27,729
133,82
93,256
140,659
24,442
36,232
16,879
163,696
151,135
111,856
8,820
74,824
172,188
124,260
168,985
16,782
145,869
171,901
81,33
109,844
58,910
87,169
100,386
129,387
190,699
111,241
200,458
140,796
195,693
68,728
24,952
131,380
141,889
156,477
189,170
52,228
88,21
10,891
105,496
186,831
162,629
182,216
85,660
13,979
138,240
101,789
199,842
119,970
172,560
122,61
148,721
97,215
129,308
32,996
170,582
189,710
121,905
31,410
33,296
200,716
57,127
32,588
21,353
118,249
38,26
25,249
143,823
197,85
200,493
128,249
199,829
81,152
104,817
186,319
185,789
101,117
59,519
99,528
100,79
6,268
131,941
138,248
32,694
191,454
57,292
165,19
187,757
4,454
78,805
5,361
101,578
7,284
9,522
62,53
172,355
184,587
14,291
171,443
186,284
198,768
130,563
41,985
16,283
153,704
73,694
162,684
185,629
167,664
56,405
84,662
44,132
147,251
51,98
174,565
49,430
126,562
148,7
121,175
34,797
97,510
112,583
129,644
130,867
110,98
159,636
151,418
199,798
184,155
140,451
54,221
178,570
165,707
153,960
43,406
99,61
82,216
175,656
73,935
12,212
103,64
60,687
198,347
35,138
193,126
95,741
46,600
89,488
135,433
123,343
104,348
100,235
197,216
127,110
154,69
53,385
26,634
21,484
70,632
188,938
174,214
160,181
71,754
44,654
98,666
124,506
146,128
105,154
147,584
46,66
33,900
84,140
37,29
51,33
75,235
124,396
79,894
160,61
138,139
34,577
47,300
196,224
27,208
75,155
130,59
157,490
165,325
72,614
190,328
143,838
63,987
51,551
128,557
43,237
63,160
148,901
22,234
101,438
125,911
18,873
69,502
78,188
124,469
23,349
169,637
158,920
188,989
95,945
63,191
191,24
15,245
83,918
169,54
128,353
81,535
43,153
132,12
176,493
35,721
27,318
108,573
40,714
105,485
28,360
116,220
8,863
31,4
185,84
82,770
77,787
166,110
6,878
127,857
143,748
33,598
52,452
100,882
194,590
138,833
37,40
88,290
145,274
44,943
198,84
188,879
74,627
181,571
85,857
24,452
17,920
141,984
118,530
21,804
141,671
190,608
43,479
34,314
127,232
167,809
83,32
71,797
39,858
192,349
5,685
112,793
69,579
175,809
86,716
157,641
109,818
169,745
82,976
163,528
174,915
8,669
43,109
162,288
108,347
72,870
67,320
141,309
18,244
179,188
196,357
140,596
65,233
3,645
142,327
101,576
45,103
82,226
39,702
140,580
123,353
96,560
194,760
157,978
66,560
37,833
71,38
157,891
143,463
62,667
187,694
78,833
34,245
61,971
152,678
90,338
73,881
22,262
67,194
57,800
126,432
99,594
181,342
41,589
74,904
14,259
61,963
75,611
140,142
76,696
40,962
23,715
63,682
115,394
16,96
99,516
157,567
152,693
166,833
25,714
171,320
175,223
90,469
190,947
192,438
160,56
56,736
152,26
74,237
129,464
126,389
61,584
166,379
170,787
43,355
149,392
50,450
29,619
63,885
104,868
4,43
7,564
117,135
9,465
193,396
100,692
19,608
180,845
130,908
30,953
89,234
11,277
154,878
93,970
100,770
121,768
132,228
144,304
7,413
27,437
74,79
43,545
138,523
122,769
123,787
200,3
9,677
64,963
94,315
46,379
174,431
62,565
39,665
16,697
171,584
12,828
8,133
176,703
62,348
69,172
193,607
77,409
26,588
170,160
64,826
57,755
177,544
49,748
191,420
59,479
65,780
192,634
198,968
50,22
160,979
89,831
74,953
113,307
139,756
196,704
99,625
71,522
93,381
21,447
79,149
22,1
78,251
71,62
1,43
99,280
33,699
186,968
103,804
50,573
57,827
180,703
123,364
96,844
16,49
178,590
62,98
115,571
152,611
37,292
193,54
3,644
173,192
77,260
188,694
102,282
137,893
97,687
106,151
162,37
194,454
43,466
44,57
179,468
116,34
47,359
166,604
49,69
155,493
17,30
167,570
45,503
197,564
180,546
77,627
139,231
193,428
153,66
167,998
85,922
160,466
65,171
24,741
158,327
170,904
31,44
159,590
137,764
101,412
15,629
173,566
58,447
189,358
33,995
103,367
85,689
21,675
159,724
15,477
172,177
182,624
123,519
21,889
20,247
9,462
75,975
35,922
62,132
191,449
19,191
165,740
48,223
12,119
87,658
91,969
92,872
157,811
175,848
147,168
47,895
10,222
125,386
93,413
164,157
70,848
180,217
137,778
165,836
124,741
132,851
127,617
125,260
6,605
86,349
190,447
124,683
17,191
164,60
31,75
23,364
119,119
89,79
21,285
177,880
119,70
3,766
176,92
84,451
81,616
104,824
17,294
75,287
97,139
6,281
124,579
152,348
140,923
18,664
99,441
119,795
150,925
29,828
61,737
14,824
162,376
106,413
130,272
149,249
97,45
19,771
151,640
188,508
106,610
35,914
154,653
95,915
159,766
44,71
162,509
89,930
157,358
84,635
190,636
138,17
151,998
131,150
183,290
91,856
15,952
143,572
117,856
177,898
57,959
151,260
24,331
111,577
68,396
118,856
73,617
88,359
56,13
169,132
192,432
141,592
157,689
42,315
45,861
153,634
17,754
100,793
199,477
12,619
16,456
108,84
52,381
149,209
20,997
86,278
158,807
167,341
161,66
21,389
192,772
53,431
21,815
162,506
53,610
171,425
78,136
13,883
150,465
81,422
9,464
101,868
12,148
104,202
151,844
108,149
151,90
152,662
171,178
188,592
53,249
16,45
79,793
153,508
9,135
134,464
113,265
2,924
84,413
178,854
54,943
24,574
21,67
26,51
72,243
193,150
56,429
131,888
119,248
163,556
169,224
51,214
163,992
190,733
29,320
25,5
200,27
86,427
138,746
26,33
28,703
129,668
140,250
79,870
72,190
197,197
172,783
87,455
49,362
153,833
1,631
144,971
118,50
2,879
92,759
162,570
75,187
58,964
22,376
131,4
15,241
43,251
145,192
154,860
171,485
165,596
61,705
104,320
165,273
180,188
180,124
198,386
32,818
144,813
69,574
77,420
197,119
56,798
119,504
92,238
78,597
66,845
37,727
89,218
132,592
157,463
57,439
173,772
170,835
121,287
135,305
90,517
94,288
6,581
172,910
200,97
186,166
94,11
182,908
92,350
128,513
135,27
145,309
22,429
33,144
89,120
3,981
58,924
186,991
192,742
23,60
21,617
135,308
197,239
111,47
30,89
196,34
135,203
134,664
86,546
9,782
2,713
154,41
134,657
58,131
158,345
128,698
90,670
145,115
117,983
51,292
71,4
183,657
186,762
70,316
126,483
41,199
72,713
59,745
153,345
94,341
111,880
111,163
6,969
140,774
175,966
88,162
101,861
91,370
181,362
7,200
138,410
170,734
184,6
53,800
23,562
63,776
183,577
5,474
25,542
132,340
142,299
86,53
157,935
105,95
175,470
180,316
11,496
128,259
145,175
117,910
94,867
41,675
45,714
168,189
72,497
199,203
115,59
25,638
10,76
52,327
106,558
117,404
192,587
1,981
49,324
180,764
141,885
6,73
2,451
77,971
97,967
15,279
6,463
154,437
146,907
53,356
127,291
106,368
2,218
193,605
129,209
127,510
18,498
46,332
72,677
179,884
173,945
192,158
134,100
122,659
69,637
64,774
156,808
118,256
130,210
85,419
190,797
57,970
31,894
123,391
100,331
32,40
142,170
93,989
39,971
79,468
60,899
49,189
124,4
19,947
54,785
31,353
12,957
177,348
184,557
190,637
103,849
194,845
177,793
132,300
146,967
63,98
67,715
188,394
131,233
51,14
24,986
91,258
44,992
13,959
83,421
40,490
47,37
136,621
61,322
113,738
172,638
41,5
28,388
155,387
31,147
102,135
44,873
60,884
77,418
12,289
48,664
37,242
145,128
131,968
5,900
62,446
12,870
29,846
29,902
39,829
58,194
18,248
107,667
82,916
185,657
31,516
40,577
49,247
60,482
66,239
197,796
112,549
123,373
134,623
57,347
115,407
61,179
90,361
22,931
54,4
5,649
14,387
90,838
179,715
106,972
7,498
157,680
8,842
65,285
45,917
196,882
135,173
167,569
27,228
52,305
168,484
131,475
190,56
13,454
181,624
59,970
119,296
82,707
56,154
7,649
11,124
28,725
174,823
169,176
145,192
149,800
117,412
30,938
140,251
96,38
46,741
185,868
187,472
20,710
88,732
152,486
88,192
84,294
6,759
140,176
156,727
199,1
78,654
175,883
62,681
57,683
70,263
74,972
14,542
75,267
34,129
189,371
100,852
196,944
79,621
110,473
1,662
133,923
3,909
120,581
83,54
16,464
44,879
19,771
108,504
139,724
13,1
119,145
15,942
144,979
3,859
22,716
193,37
99,402
171,781
98,149
130,699
40,604
96,355
9,310
120,49
130,248
129,521
34,569
53,713
136,466
162,490
121,848
62,749
99,319
93,560
102,748
131,954
183,55
27,764
128,431
104,193
116,51
52,441
6,716
140,341
68,973
161,746
39,693
46,560
186,706
101,264
95,233
144,542
68,781
75,166
92,257
20,108
191,403
78,847
56,78
25,238
145,48
180,708
124,614
138,745
166,937
61,469
156,212
130,999
114,731
166,187
184,44
166,334
67,341
180,298
186,591
4,820
26,822
41,515
9,571
49,954
79,8
200,471
187,778
124,367
99,524
63,150
77,385
120,404
51,909
123,905
46,703
124,977
123,379
34,607
72,409
15,227
50,526
149,781
144,281
23,776
141,348
146,172
33,962
73,235
87,136
51,178
166,853
124,751
199,450
87,51
13,431
114,600
141,570
177,65
71,331
118,910
195,914
149,981
53,484
124,716
144,713
150,409
143,942
170,298
121,538
162,482
77,334
183,364
58,769
91,823
88,141
12,814
150,745
181,379
15,587
45,551
156,903
113,394
139,471
161,184
198,60
6,771
153,601
145,101
56,147
46,863
4,62
6,118
32,36
25,830
70,332
79,340
75,762
32,284
160,676
135,57
115,571
91,861
110,289
19,887
46,323
94,457
20,675
117,476
152,15
193,435
60,76
119,484
88,74
99,104
1,318
37,613
93,847
1,369
179,144
83,605
151,514
108,124
152,481
100,535
35,763
142,758
12,843
195,846
14,351
96,995
136,274
123,817
101,258
95,285
8,706
48,510
3,612
146,552
85,573
145,541
114,397
52,47
60,324
73,842
199,630
166,28
13,403
15,387
111,508
147,580
174,365
182,427
135,167
3,306
171,955
40,444
5,749
191,738
71,159
69,476
10,363
86,194
163,441
173,611
92,833
189,16
12,497
143,575
187,876
88,821
44,510
161,503
41,481
78,728
80,405
109,798
51,684
72,761
200,748
183,160
171,401
101,333
78,816
138,813
118,697
106,368
97,913
8,863
114,103
139,778
124,932
199,475
34,1
27,42
166,704
82,311
63,600
56,598
27,965
131,468
2,582
156,107
95,271
77,447
178,418
55,418
107,972
32,202
157,73
159,704
78,514
2,756
57,532
8,603
156,187
106,722
87,119
1,775
85,308
141,196
21,229
84,630
165,916
75,506
116,933
189,964
95,332
135,154
92,270
136,629
108,104
183,277
74,901
132,453
127,926
92,126
62,754
133,60
118,712
112,30
176,861
199,760
69,770
12,145
188,775
181,443
103,753
120,629
33,439
44,750
92,124
95,182
123,895
14,110
2,374
137,654
113,74
94,97
142,257
152,997
197,782
157,670
157,757
69,232
24,57
62,969
42,9
175,566
69,447
154,525
159,948
95,422
193,156
45,759
127,839
64,331
12,125
40,928
50,699
78,86
188,94
160,372
182,945
104,481
148,268
17,723
177,46
172,435
29,191
199,78
63,265
68,815
67,379
23,314
104,95
18,712
69,685
132,503
32,34
130,277
83,776
142,266
50,556
81,619
46,743
118,304
192,895
150,382
173,386
126,861
62,683
159,789
137,111
200,698
177,350
154,134
30,87
7,867
180,865
163,997
165,411
117,94
194,160
158,713
114,731
190,282
15,613
87,990
170,407
152,651
194,2
82,764
48,991
81,489
50,501
179,359
9,622
19,835
119,763
3,511
21,812
56,967
1,806
174,441
143,295
122,790
36,291
143,197
190,664
196,859
142,807
162,960
83,485
76,330
109,920
38,354
143,225
140,348
111,285
117,961
26,979
9,273
187,649
152,49
20,708
27,991
82,984
109,249
82,496
48,462
101,584
119,422
100,491
79,357
64,225
106,424
126,527
3,909
194,101
198,545
57,694
139,497
114,682
89,984
45,725
128,885
33,767
163,320
34,39
43,477
162,978
112,891
187,90
35,56
88,190
160,373
123,583
78,845
98,277
86,196
27,262
86,13
138,493
187,513
198,336
87,556
192,756
143,927
39,383
124,914
161,604
181,547
131,443
54,930
35,41
26,985
53,411
156,544
33,444
150,265
80,805
183,930
136,367
170,114
86,79
160,528
93,213
62,67
64,355
3,53
46,238
4,955
114,3
166,814
24,301
144,512
80,891
182,248
61,764
27,541
142,294
131,462
196,515
134,741
25,103
30,808
101,331
191,644
17,843
22,360
62,800
66,789
19,388
50,693
187,269
143,712
144,793
8,541
159,845
146,912
105,304
10,148
40,396
41,991
162,873
181,362
128,713
197,221
115,140
200,255
30,136
40,667
162,935
108,644
147,504
38,750
178,761
158,691
32,5
6,756
143,617
76,393
91,384
1,892
42,477
144,364
125,902
113,949
39,218
53,679
29,654
112,929
177,254
1,779
13,478
146,920
72,86
86,799
189,982
141,764
111,938
29,767
151,665
154,491
93,11
89,160
134,859
105,486
124,146
194,82
192,374
77,889
62,230
80,187
48,318
153,628
77,188
195,250
63,548
63,876
167,346
136,295
48,402
148,66
65,37
42,356
97,101
92,951
121,243
170,231
125,882
74,937
4,972
93,853
47,715
15,729
63,906
138,863
33,1
65,634
175,98
126,315
66,322
87,473
77,256
135,483
118,982
136,489
7,924
162,507
130,957
171,138
168,226
33,850
127,138
173,807
85,258
80,757
50,348
169,116
49,498
157,931
152,651
111,521
49,281
160,231
26,529
136,56
189,934
32,420
87,489
75,666
174,177
147,555
170,641
183,823
152,888
53,956
128,602
178,511
68,776
144,484
181,816
148,39
37,448
39,627
93,457
77,9
29,145
2,510
108,464
36,996
3,28
125,972
95,796
113,197
188,69
147,607
11,368
35,539
6,362
156,178
146,587
198,514
152,396
192,545
72,815
182,7
85,34
58,211
127,988
125,413
117,110
117,986
159,467
190,97
196,131
77,64
14,78
1,19
51,623
43,817
43,13
5,430
153,561
24,492
180,175
127,412
46,426
191,476
70,676
136,138
170,833
111,632
97,195
183,234
108,498
99,724
127,225
1,392
154,956
30,778
24,851
44,319
22,670
169,188
54,383
151,134
151,37
163,438
19,101
13,867
32,749
20,917
111,706
132,86
3,248
157,433
41,540
147,252
17,635
187,271
196,615
151,139
42,403
83,856
43,221
44,838
121,508
186,56
34,965
121,540
14,882
143,912
123,64
58,287
3,132
24,975
165,91
184,856
1,142
97,148
23,834
135,893
72,766
9,593
157,891
54,9
19,739
145,17
50,547
22,615
156,261
82,463
126,436
17,857
185,860
10,180
94,710
67,352
128,116
33,818
199,940
8,255
81,832
133,353
50,426
173,624
170,702
44,89
12,206
37,291
30,937
84,224
184,796
107,544
133,199
83,684
28,212
95,500
35,131
17,628
121,387
74,165
88,829
163,156
71,902
69,652
77,329
58,603
103,447
51,162
86,445
8,841
12,422
83,480
163,569
74,668
153,330
32,415
109,4
158,846
162,319
108,787
188,108
198,290
76,321
173,730
188,771
170,710
50,59
90,381
119,166
108,644
91,14
106,673
13,602
19,861
90,431
64,597
111,801
156,870
118,263
69,971
14,282
52,198
137,257
22,779
147,393
127,563
57,914
200,233
119,869
102,958
1,65
154,257
81,136
198,9
168,61
94,53
5,250
43,531
167,353
26,602
17,462
180,257
76,912
13,101
133,934
41,758
190,178
23,965
103,354
200,910
125,156
33,203
185,208
150,365
45,298
56,634
162,587
97,397
132,472
152,221
27,818
37,436
47,359
127,123
60,236
70,924
171,68
172,522
8,926
184,273
200,996
107,400
83,121
177,103
130,983
100,160
107,687
39,938
131,297
88,656
14,451
78,628
165,806
28,797
193,470
61,637
108,783
43,767
20,309
75,306
147,252
81,701
118,294
83,789
33,723
104,848
10,852
154,2
13,130
105,657
160,31
21,92
162,393
153,928
79,150
61,83
61,249
166,443
39,941
2,971
154,911
139,561
65,549
108,602
79,403
165,404
62,737
128,743
38,755
87,795
155,953
60,634
196,726
51,361
71,271
10,681
72,87
107,227
123,264
64,453
53,417
143,361
192,656
117,559
172,922
151,755
128,65
182,261
17,947
33,793
17,780
198,341
47,900
194,54
82,760
120,640
54,101
41,352
56,815
63,220
98,710
47,199
47,40
34,267
85,156
131,431
30,20
100,478
18,696
87,515
181,108
35,646
140,151
167,621
76,283
192,268
36,358
131,580
73,497
193,257
177,920
128,970
114,613
147,449
179,522
129,257
1,45
148,158
34,992
71,131
187,416
143,431
106,856
92,839
58,813
67,737
96,510
180,946
186,660
109,286
148,213
179,702
171,898
39,926
20,594
55,723
192,445
96,543
193,13
99,587
110,859
10,746
13,480
137,565
58,737
114,983
180,999
53,535
147,783
30,607
87,771
18,829
122,271
185,7
42,766
44,191
55,211
37,206
81,742
197,252
155,184
110,176
145,427
137,579
118,479
3,544
153,302
105,616
176,391
158,468
87,998
58,183
145,904
184,25
110,123
26,67
117,139
186,50
114,337
41,442
187,432
196,404
22,465
103,641
16,2
19,221
87,74
31,489
34,462
91,662
87,983
185,11
51,341
84,548
183,953
108,882
58,483
156,611
138,243
118,459
18,50
13,940
45,59
148,571
87,45
35,159
109,624
98,647
160,118
152,399
55,62
136,417
93,667
119,290
107,648
166,141
32,801
82,343
149,864
82,31
133,525
142,625
136,990
167,617
63,96
150,141
188,49
159,352
12,497
11,419
17,61
68,376
124,159
173,165
119,70
89,933
102,293
147,306
118,38
168,614
51,28
196,543
1,920
72,5
189,401
62,405
62,355
149,329
170,852
124,141
83,726
131,840
80,737
58,859
123,311
19,683
185,949
3,558
58,388
106,803
63,426
49,263
30,73
132,700
96,119
100,518
58,719
33,602
93,542
194,799
6,83
22,91
191,94
147,552
108,641
172,123
23,409
124,184
125,932
119,646
176,715
164,915
128,102
6,312
103,953
186,278
134,309
190,845
8,808
123,857
58,279
128,139
122,956
34,571
169,940
115,385
184,125
141,95
86,918
176,999
84,953
25,41
168,824
47,387
84,847
52,65
154,580
54,322
23,216
116,585
94,60
168,501
186,69
167,522
37,161
69,647
147,54
156,651
91,306
25,243
131,429
163,44
105,954
176,551
107,268
30,291
66,449
167,603
32,596
11,9
165,567
117,32
46,878
134,612
181,313
130,384
129,229
93,846
57,413
135,167
164,934
6,209
119,17
169,16
33,869
58,897
57,875
9,758
156,594
183,278
93,592
6,575
166,823
99,307
90,784
161,435
90,720
110,994
30,986
64,339
189,815
100,55
84,239
47,256
38,86
84,217
111,348
19,761
194,712
158,900
1,481
98,714
15,796
17,252
65,710
5,810
152,514
181,373
76,400
109,802
14,685
177,374
110,738
73,866
76,901
107,419
126,399
103,886
126,264
51,776
22,221
42,927
127,314
22,704
139,958
67,962
14,64
82,446
47,67
41,452
178,629
110,132
163,707
200,38
171,747
37,440
148,376
190,11
145,937
196,966
130,644
31,559
109,80
184,707
80,163
18,488
181,419
124,581
115,173
50,16
95,731
24,101
72,87
177,858
170,982
169,236
52,636
134,207
195,958
200,297
161,314
118,590
88,200
143,392
16,229
106,693
153,648
145,160
115,78
104,760
166,663
125,952
197,545
187,390
17,785
124,672
121,612
91,724
95,84
13,357
106,951
156,76
24,727
142,81
52,214
190,600
87,814
160,43
53,871
107,828
125,95
21,75
75,579
3,29
63,642
199,760
36,277
159,154
128,6
150,673
122,69
23,769
87,693
45,916
26,55
105,212
144,263
77,760
99,711
64,736
50,71
128,914
42,134
4,10
190,808
160,933
20,780
163,766
193,615
143,595
39,991
196,282
68,441
144,779
74,488
141,633
82,658
49,749
98,379
168,285
113,475
158,23
3,29
173,14
124,851
105,707
71,553
105,436
78,383
135,300
14,683
45,20
16,688
184,630
101,371
90,265
43,135
71,842
191,937
22,526
186,26
186,135
102,928
197,437
137,288
56,560
56,596
114,190
165,433
110,440
183,698
192,107
89,782
129,1000
90,618
137,251
59,26
165,385
156,528
32,212
64,215
110,606
72,220
11,689
66,535
157,108
150,77
139,61
143,392
157,633
105,873
158,717
198,670
173,391
22,724
118,881
173,490
130,142
152,369
111,854
140,412
105,293
80,363
56,330
197,684
13,265
199,975
139,690
119,12
187,961
188,502
152,28
62,584
173,39
53,97
15,246
88,217
46,551
87,564
38,302
2,681
176,43
194,3
2,180
42,355
42,287
182,727
190,903
14,436
82,540
169,221
111,769
171,90
61,773
78,315
108,864
168,749
69,814
98,120
161,770
175,785
65,389
129,83
50,408
5,670
55,677
59,172
187,374
10,646
61,28
165,247
81,38
98,777
175,671
69,806
35,226
127,909
32,784
60,826
18,581
45,388
25,587
5,871
196,486
91,288
42,183
31,250
169,790
56,36
43,662
132,669
149,463
189,702
109,215
46,165
131,169
180,190
37,682
47,345
18,764
97,416
90,401
27,393
114,134
99,183
78,930
63,758
23,119
159,400
194,271
162,47
85,815
101,973
83,520
95,995
27,291
80,501
97,472
98,911
97,496
39,410
173,553
145,3
59,404
175,722
70,870
188,271
119,424
126,353
180,467
170,772
178,467
185,823
107,677
196,355
33,93
179,856
74,250
118,180
171,938
111,737
86,21
82,221
56,44
60,649
85,193
197,40
10,518
179,971
34,695
138,589
155,241
149,995
159,48
30,635
177,295
82,739
165,201
86,39
35,408
43,133
115,5
44,166
200,864
180,525
56,288
57,624
121,972
151,163
187,490
26,169
17,154
145,809
27,272
101,248
1,677
101,503
190,849
149,905
177,735
93,387
196,572
76,270
75,424
173,148
56,56
10,358
54,931
134,724
47,612
168,964
102,752
105,836
54,399
60,867
185,394
74,548
177,180
134,429
23,772
5,125
42,176
47,163
14,47
173,904
139,150
44,4
60,343
15,406
196,872
29,1000
195,254
21,62
190,621
148,936
135,911
158,845
25,389
78,374
117,313
26,151
131,140
122,359
137,290
42,573
107,435
83,356
43,763
165,261
153,309
173,981
165,1
93,675
95,701
141,961
118,498
92,558
105,709
1,685
73,961
76,713
19,834
195,250
53,139
25,508
102,924
9,462
131,445
134,590
22,507
94,284
179,284
62,426
36,763
118,821
194,287
22,804
32,551
108,252
200,624
36,992
29,80
117,996
86,225
104,199
142,245
120,225
131,665
94,691
91,898
189,930
151,543
136,388
173,129
114,112
78,3
49,856
169,114
85,659
90,899
194,752
28,851
101,403
89,382
155,476
85,379
186,358
62,692
3,904
32,436
124,810
6,285
104,313
91,90
2,179
25,507
27,115
16,871
99,920
126,635
37,599
197,607
34,691
158,240
144,102
190,130
50,826
154,655
58,480
163,607
16,70
195,898
31,699
67,893
75,624
179,527
141,388
194,521
44,887
127,593
145,162
164,288
193,217
47,15
67,675
164,942
57,344
68,493
75,543
44,202
43,799
52,688
67,228
75,450
42,717
53,511
63,303
187,31
133,922
188,101
37,31
66,489
100,712
145,754
136,363
28,327
93,370
127,863
67,957
77,54
53,992
145,330
4,552
77,941
70,78
162,98
197,487
161,532
37,755
182,60
58,840
35,960
50,809
105,671
95,770
12,607
53,593
135,85
175,807
61,624
120,429
109,812
29,527
11,51
143,576
61,783
179,711
22,256
39,483
39,963
177,392
94,344
70,453
77,202
34,731
89,290
14,292
184,904
105,675
199,68
127,464
49,11
126,239
95,974
5,593
149,407
126,956
18,330
153,896
28,571
73,600
126,177
18,838
125,982
113,422
22,931
7,717
200,221
24,615
30,586
54,2
124,350
28,765
57,324
12,118
174,545
191,750
144,36
115,820
51,897
32,211
171,287
186,861
116,61
143,383
159,823
4,573
93,82
53,573
74,835
154,149
199,734
151,730
53,316
65,6
105,130
151,137
48,133
123,113
36,728
163,83
20,992
149,293
35,218
118,437
50,759
115,399
164,732
171,656
75,773
117,118
138,610
111,594
157,317
188,795
35,51
97,674
134,906
61,373
193,187
117,540
192,351
95,678
18,544
93,825
85,331
81,806
13,161
136,280
183,226
175,282
38,202
65,113
6,345
93,638
32,247
45,388
68,843
123,951
100,437
172,361
137,152
65,544
96,454
50,933
43,318
79,238
44,804
139,630
164,365
59,878
88,653
47,988
47,304
123,511
150,338
162,425
178,69
171,587
81,214
20,373
165,268
26,514
56,338
54,410
195,617
146,743
15,219
155,81
168,38
58,167
78,670
87,791
81,840
124,537
102,855
165,649
161,818
176,30
132,936
45,699
129,388
69,758
161,232
135,711
136,337
115,872
133,692
54,782
118,370
152,743
38,625
99,238
46,487
43,328
194,991
198,748
40,75
113,35
1,310
35,433
176,4
41,713
199,675
75,971
137,176
144,205
43,674
43,258
163,391
44,763
157,629
124,734
89,587
114,710
37,673
158,647
5,342
155,484
70,401
148,97
20,839
18,516
115,66
159,945
175,964
123,225
113,632
193,832
84,367
116,349
22,792
73,231
20,948
123,793
180,533
68,954
81,844
57,620
40,626
51,706
95,995
15,49
67,342
174,430
142,905
175,829
126,969
88,906
191,920
160,784
77,321
168,254
70,842
167,767
199,882
4,182
160,581
75,81
198,524
62,215
12,665
23,807
135,949
83,920
185,259
118,473
135,786
12,426
20,332
174,809
147,611
200,337
110,457
36,177
181,839
12,940
149,368
64,744
125,799
109,309
180,451
197,776
61,121
89,263
51,268
199,792
83,28
7,376
40,902
102,777
197,628
35,750
195,293
167,6
5,590
193,693
114,747
177,394
66,808
173,646
62,959
121,388
138,361
49,227
15,79
139,893
180,285
21,960
122,173
43,438
109,63
110,211
84,482
105,967
73,393
104,782
7,138
144,563
38,732
12,854
32,620
99,831
110,832
187,552
161,828
70,467
197,503
112,651
180,686
151,76
127,916
177,133
90,747
168,517
9,785
13,158
36,302
50,822
191,786
161,740
56,458
187,927
171,983
147,792
117,889
45,291
125,802
171,970
172,934
91,966
99,456
127,156
51,68
161,263
45,742
23,960
33,25
123,358
121,394
88,504
96,761
9,253
135,817
31,988
19,515
157,572
161,85
16,847
57,517
59,856
125,49
4,685
155,423
51,798
5,666
70,283
121,723
18,971
185,797
146,102
102,86
158,569
105,510
33,407
26,138
148,825
133,228
106,885
81,809
63,124
101,20
182,142
120,501
172,222
166,628
164,32
20,478
74,975
88,933
60,772
131,656
21,908
144,227
114,855
55,75
121,530
70,918
12,414
4,551
37,801
100,840
117,871
176,416
157,1000
167,395
69,443
13,277
20,735
11,573
66,231
153,803
130,480
58,376
124,10
34,550
37,729
91,90
198,470
108,53
156,885
95,415
139,897
128,816
157,534
26,778
90,461
18,912
151,452
73,585
1,428
1,851
118,77
1,165
107,739
146,522
82,372
130,557
91,891
105,287
17,29
52,429
30,719
170,328
85,327
99,72
142,90
99,608
15,816
59,350
28,348
186,303
121,379
104,493
52,769
2,103
193,151
199,277
148,884
188,463
112,43
87,976
35,740
70,627
149,656
94,408
194,297
181,463
162,361
145,846
13,829
1,800
1,526
11,447
154,878
62,749
196,767
5,544
73,396
26,717
120,524
91,959
192,745
83,825
126,970
31,773
121,866
73,197
46,603
47,278
41,97
174,906
148,437
147,964
144,193
178,694
122,270
197,905
197,653
81,715
135,803
192,610
54,751
182,178
11,270
70,591
142,215
146,25
79,443
141,890
145,423
188,229
59,681
105,352
133,555
105,701
199,516
164,11
23,349
7,566
124,95
32,858
21,611
38,559
31,205
115,806
61,149
42,649
153,463
92,651
15,186
36,925
60,312
191,298
99,840
117,109
35,820
101,598
169,673
66,476
169,542
100,402
127,483
49,682
3,899
190,891
7,804
82,337
91,140
54,823
199,382
149,411
51,238
172,692
170,948
5,781
95,39
149,671
77,926
55,384
89,39
88,64
5,829
125,510
142,638
47,710
49,685
70,345
66,521
78,16
179,74
114,122
17,663
58,425
55,455
161,490
6,140
9,269
175,939
131,681
125,49
65,997
46,304
148,214
58,207
173,806
199,77
4,932
24,135
178,450
44,861
57,949
141,123
155,383
190,547
166,271
126,18
158,339
8,112
169,839
199,327
166,82
145,986
43,851
114,639
92,8
174,273
81,824
29,332
163,667
192,290
136,407
78,536
159,972
182,188
69,761
107,533
132,239
135,167
83,384
50,753
191,690
155,227
184,380
100,135
147,111
154,89
63,56
27,228
142,453
87,127
28,470
142,741
31,579
111,898
53,127
164,255
149,248
111,814
186,662
160,37
47,94
111,86
196,934
37,466
121,923
152,115
50,849
174,36
65,526
198,780
94,916
159,430
136,696
146,94
118,215
45,421
59,180
20,122
137,944
136,344
105,609
167,419
115,822
70,143
199,336
103,783
36,671
11,762
122,407
33,845
56,60
183,279
19,442
171,574
164,481
186,110
95,512
40,810
40,859
4,828
137,883
94,835
82,897
2,692
44,340
183,181
39,903
178,631
154,979
14,654
158,186
176,320
146,770
112,511
39,622
1,72
60,207
63,79
37,561
114,168
63,125
10,593
120,958
104,649
172,662
74,993
200,64
74,764
105,238
178,828
123,173
65,215
181,681
77,771
15,924
74,254
113,570
199,918
139,78
187,504
131,442
68,463
144,94
86,856
86,136
101,63
188,9
81,872
195,882
143,444
28,889
156,166
96,729
46,209
43,396
179,49
75,11
120,311
82,903
181,910
182,757
197,989
157,589
85,960
3,217
197,209
80,562
127,363
113,784
60,881
162,66
157,489
68,850
105,857
29,4
155,408
127,787
65,894
19,754
195,168
101,713
71,66
70,593
170,102
88,687
196,648
113,500
198,605
126,853
167,915
196,859
15,288
63,445
55,563
81,124
3,171
140,218
177,328
194,52
149,314
137,76
130,227
182,142
118,563
34,546
27,829
155,803
74,95
177,547
36,849
29,377
86,694
42,699
185,805
30,545
154,685
87,443
154,498
99,226
130,571
120,993
93,490
40,686
20,622
10,522
23,705
52,953
175,670
49,211
161,937
8,468
15,284
141,676
136,855
197,916
154,344
172,409
192,574
29,375
34,203
20,60
59,770
35,55
81,109
47,991
157,697
156,244
189,397
125,827
165,501
111,852
86,888
164,79
183,926
116,564
116,312
96,222
185,116
11,659
9,140
180,395
137,762
133,329
177,91
106,255
200,300
144,864
11,403
146,904
4,767
52,83
21,12
72,890
190,934
147,533
120,283
73,51
30,513
49,333
65,334
57,252
120,220
122,448
120,584
148,135
198,697
67,865
91,722
116,148
66,269
97,671
30,854
17,807
190,382
164,70
139,787
148,550
82,232
63,616
27,211
156,970
181,162
199,403
79,409
22,223
162,496
3,38
153,482
77,198
19,358
90,983
119,875
142,441
172,795
29,194
162,259
94,972
160,766
119,735
171,42
14,627
159,47
39,78
95,311
27,657
130,393
87,661
53,893
118,978
168,955
35,562
157,967
16,123
132,105
186,193
67,853
95,172
79,845
139,956
92,785
111,267
73,619
183,813
118,401
85,538
107,185
106,320
166,670
65,584
57,928
118,819
64,538
183,680
122,915
176,276
162,749
62,458
101,774
112,224
131,236
28,902
30,111
99,534
66,13
55,952
1,235
45,893
10,677
2,949
182,309
96,554
100,37
55,93
130,297
105,40
47,150
146,261
75,482
182,209
63,757
122,895
177,466
71,581
184,139
164,327
56,380
87,912
185,281
139,268
56,719
57,408
14,46
155,427
14,201
148,539
142,672
171,266
104,147
38,815
103,167
109,747
147,487
21,403
144,883
197,325
47,323
182,307
70,23
109,926
5,776
69,658
67,903
93,551
152,811
35,612
66,990
176,531
177,86
119,843
69,688
52,313
37,716
66,299
77,615
11,362
19,417
83,163
87,78
70,124
49,525
28,865
164,40
74,673
86,729
114,991
114,74
18,414
152,154
104,272
148,830
78,530
3,603
172,181
126,605
187,689
155,268
197,125
8,383
145,805
29,50
161,814
35,264
41,382
102,841
66,608
43,141
48,571
13,444
125,500
6,848
132,959
8,421
88,179
151,650
50,365
181,906
88,330
84,151
186,476
44,895
113,188
130,389
143,443
186,608
85,108
7,846
149,93
72,483
175,725
10,381
164,858
7,469
175,525
35,655
200,2
171,368
65,633
37,861
19,597
103,423
140,546
149,850
118,171
91,494
98,469
19,766
160,921
110,260
126,117
66,795
14,162
38,750
115,861
14,988
119,596
149,956
184,737
119,307
16,404
133,992
26,521
195,269
21,526
130,335
49,73
33,882
53,39
74,352
50,863
66,847
22,708
22,241
96,247
100,898
157,78
119,911
53,872
6,397
157,270
86,102
141,989
22,190
14,111
179,243
89,137
164,931
104,221
84,432
103,450
183,73
136,555
93,931
188,284
104,883
168,679
131,249
94,837
95,627
188,883
35,670
158,457
69,748
193,338
134,880
142,202
149,388
11,4
175,189
133,793
80,977
60,917
107,647
128,356
149,470
193,115
193,969
23,17
26,395
148,319
114,794
182,752
15,702
20,927
29,260
2,160
57,518
54,778
168,303
52,727
94,416
154,585
88,579
36,431
30,188
191,25
157,238
184,748
8,812
1,320
76,241
85,165
171,239
46,42
137,69
68,901
23,68
135,499
57,605
145,636
82,888
186,938
36,246
140,525
107,152
126,38
152,424
158,106
21,686
176,616
49,916
8,305
197,37
132,638
127,731
100,256
173,242
182,495
63,476
79,815
114,777
3,934
160,378
175,965
142,661
106,527
40,367
189,669
103,985
183,871
144,19
91,15
107,70
33,273
187,960
94,131
58,396
93,834
16,64
170,519
18,784
136,941
86,328
183,728
69,875
22,697
191,76
72,794
159,186
81,952
80,419
200,59
187,754
125,479
73,128
120,455
196,505
195,543
41,231
64,161
91,470
94,684
4,653
198,678
118,904
93,39
30,37
196,415
157,298
114,703
108,647
181,185
106,731
23,657
80,814
62,737
160,373
34,953
22,949
146,603
12,501
118,418
91,337
152,354
3,547
144,531
84,171
135,556
67,292
126,216
149,436
75,62
122,52
189,607
147,489
160,514
121,586
53,610
162,17
137,651
151,100
39,45
39,7
124,781
169,980
1,526
198,306
197,508
144,80
195,269
117,677
89,140
76,535
46,253
141,21
56,90
17,288
31,588
4,682
93,482
172,995
114,48
6,372
186,568
179,668
7,335
113,265
28,939
92,785
189,8
158,755
102,594
143,376
29,261
29,343
49,984
192,381
23,289
129,525
44,879
175,534
103,107
181,100
64,167
30,52
31,969
200,904
3,663
138,844
151,611
13,127
131,614
191,428
192,970
56,320
116,913
190,928
115,704
45,396
2,366
120,757
39,3
163,401
155,193
81,67
182,191
53,134
72,605
47,410
51,351
157,286
102,385
110,4
20,996
200,817
37,661
199,897
25,765
93,421
162,27
85,532
88,583
178,842
10,223
168,632
188,850
86,477
3,655
182,847
63,341
59,535
69,191
109,560
145,150
128,921
29,174
96,125
183,335
150,861
43,913
149,289
198,152
90,442
25,816
140,697
114,977
87,344
181,473
122,116
103,770
55,175
176,556
178,263
92,269
24,666
200,543
46,916
2,258
142,704
104,43
161,13
25,261
155,888
181,593
83,309
39,783
77,186
18,260
138,574
26,191
29,244
185,11
88,183
142,795
30,400
92,932
177,365
148,199
181,369
110,143
132,347
107,261
165,454
59,245
165,282
172,536
137,62
182,362
154,254
101,798
182,453
189,655
63,634
187,732
110,79
69,8
18,831
12,125
56,667
125,511
94,620
15,156
100,600
150,352
44,263
107,117
167,583
104,470
150,824
58,928
175,570
164,252
194,404
30,252
32,431
1,546
195,320
62,170
195,764
68,217
12,826
31,42
55,226
138,612
47,609
4,213
193,198
118,723
15,245
200,435
152,478
88,135
180,695
50,152
99,763
109,942
11,40
26,403
124,2
89,527
98,674
75,110
172,158
104,426
180,280
10,293
18,338
64,739
99,907
151,336
27,162
102,914
115,667
139,94
52,800
13,944
192,693
28,526
29,606
89,128
75,569
151,821
196,762
95,400
106,153
46,157
28,16
5,560
114,170
44,937
2,111
36,996
153,862
97,426
200,475
57,720
20,632
52,636
61,179
119,982
97,817
98,975
44,1000
152,324
118,350
162,462
5,575
10,201
33,843
34,177
32,19
29,143
158,736
22,154
170,929
128,284
45,761
86,853
121,461
36,97
61,743
40,579
36,516
200,453
22,914
148,205
2,815
102,892
111,674
109,477
63,622
77,849
138,225
84,514
191,316
89,586
36,532
154,25
194,472
102,946
76,863
33,257
99,134
134,800
13,963
162,297
109,105
23,319
79,358
55,581
145,421
130,55
65,272
83,217
199,484
99,2
90,627
143,486
195,410
94,178
22,611
146,564
73,283
67,750
21,635
13,410
4,278
182,37
152,328
3,198
167,1000
74,900
59,756
15,53
191,990
31,48
11,657
38,558
33,986
107,743
200,535
49,519
156,111
138,735
20,566
23,950
86,892
30,539
157,26
78,254
106,644
180,352
181,720
128,691
173,411
192,681
89,600
100,429
165,913
60,105
171,118
151,422
143,792
41,134
97,924
113,677
6,547
57,322
101,81
73,357
2,867
63,613
187,847
159,224
173,479
16,241
184,766
98,470
38,706
91,934
76,219
96,588
37,416
134,512
79,961
141,499
33,796
12,770
64,94
137,288
72,624
151,863
144,53
86,316
153,861
20,678
111,57
174,37
163,655
71,865
42,454
49,337
180,929
165,222
162,974
153,230
111,14
78,754
39,21
65,930
26,460
15,344
28,738
199,528
52,816
127,585
26,142
108,19
195,56
7,408
101,889
186,72
131,266
22,120
184,914
194,443
59,919
13,881
175,760
20,616
175,43
117,885
178,361
177,625
97,178
42,943
87,908
98,714
69,219
157,520
32,561
76,970
117,721
129,714
52,273
67,500
188,783
84,763
69,21
194,23
153,523
27,260
52,15
137,34
166,549
90,268
53,886
71,257
53,705
120,190
54,390
24,576
168,482
164,979
17,617
121,62
187,950
171,159
126,974
88,708
191,428
188,345
46,581
125,662
22,352
30,143
139,58
108,952
2,16
2,73
103,745
109,546
53,195
158,185
147,502
67,580
181,12
74,24
180,579
51,858
22,70
33,77
129,833
61,810
159,821
197,188
122,396
30,346
152,961
157,821
114,311
91,168
125,239
107,206
101,666
10,1000
17,699
12,435
123,863
70,639
132,799
173,34
28,184
145,242
50,389
27,757
61,752
176,969
82,521
46,507
80,536
45,685
28,980
21,45
54,603
87,368
92,156
175,69
142,645
46,755
105,144
4,941
150,59
192,633
105,241
63,264
31,985
188,785
100,185
30,1
179,862
162,536
174,560
170,882
84,418
95,193
112,927
66,67
60,961
7,141
12,778
40,793
100,302
12,698
132,655
64,903
76,300
115,353
177,128
27,176
48,323
99,967
182,570
143,593
110,846
32,885
158,1000
83,823
165,406
144,997
40,380
23,488
66,591
123,29
30,672
94,542
47,770
71,564
102,552
134,454
114,753
172,180
40,393
30,550
198,834
43,962
70,700
78,98
137,676
181,920
41,963
45,212
32,905
117,207
172,679
134,126
85,522
189,773
121,947
35,631
79,319
129,780
106,387
50,970
38,726
102,804
59,100
25,8
162,210
161,318
100,327
101,789
23,61
19,586
196,416
120,152
6,54
83,219
193,562
22,740
13,636
81,288
157,844
171,609
152,666
156,119
33,199
73,622
6,618
15,365
141,932
178,635
18,633
135,823
42,36
178,715
139,381
156,465
18,337
189,599
36,437
170,221
79,919
33,113
2,153
9,547
57,91
17,213
195,186
185,396
1,642
149,499
135,353
32,844
103,417
48,151
96,909
13,476
103,780
161,307
183,349
4,19
97,757
168,954
59,439
133,91
90,214
191,57
74,869
22,193
127,581
26,951
176,776
140,532
65,394
134,265
40,99
176,235
7,443
43,71
118,998
178,822
193,319
11,732
159,584
197,76
129,336
72,737
2,847
4,114
15,543
78,918
192,105
83,365
118,37
27,115
155,341
131,201
179,678
83,915
74,588
97,653
39,500
117,681
108,629
84,930
105,309
175,635
199,19
132,200
194,346
55,384
190,898
173,484
149,789
77,815
42,205
50,962
59,386
177,208
31,172
90,815
78,439
169,855
124,783
106,109
124,109
168,17
53,242
196,660
28,838
160,214
128,554
117,41
78,145
100,592
60,17
13,630
62,33
41,752
180,412
100,850
139,893
71,599
63,350
81,39
78,889
112,256
78,780
192,805
124,99
42,205
5,987
43,440
156,598
16,610
106,516
178,351
17,69
9,144
97,22
193,931
83,444
10,461
23,431
106,434
7,608
118,525
54,339
133,648
19,20
111,290
103,609
109,672
16,707
75,576
52,227
165,587
98,681
33,261
182,92
19,333
140,640
29,458
143,990
127,142
159,187
123,523
88,461
126,102
39,890
73,883
144,693
106,632
167,58
137,315
132,653
31,632
28,335
139,316
76,546
118,431
154,597
105,39
88,714
54,780
22,271
144,646
34,250
63,75
198,502
183,482
29,396
67,162
29,399
133,184
5,487
166,584
38,835
84,396
179,104
142,599
199,87
164,11
164,42
53,280
196,664
51,844
37,63
5,83
174,521
55,781
151,67
104,245
105,120
36,686
112,460
14,661
16,397
81,955
141,40
186,205
84,523
92,859
99,15
36,110
133,433
57,464
180,47
174,740
180,173
40,729
137,773
49,3
119,713
188,601
43,441
16,153
41,221
20,188
136,783
178,561
135,571
75,13
94,348
10,375
117,547
150,164
131,163
39,202
22,468
181,929
148,888
34,771
74,344
131,394
56,369
183,708
56,42
12,687
24,250
94,608
16,715
113,847
159,272
184,388
109,527
7,14
144,911
186,337
104,28
49,112
108,383
89,31
32,629
83,666
129,985
18,86
73,600
167,229
65,675
186,849
194,692
69,966
115,487
44,317
159,147
147,581
71,683
31,389
6,729
27,837
32,927
78,690
107,140
7,60
99,542
75,600
1,358
103,310
118,53
121,483
178,305
11,971
50,661
125,534
84,789
76,750
121,949
90,64
5,663
178,310
135,691
168,618
186,215
171,328
150,152
186,493
175,92
50,472
111,612
90,612
172,817
57,854
32,488
57,141
119,188
171,951
98,573
146,805
79,421
119,877
187,85
70,295
43,577
32,193
113,817
44,315
9,24
33,273
166,123
191,560
164,972
143,225
190,788
138,784
110,68
66,818
81,290
55,124
194,996
56,837
87,814
125,715
41,3
92,143
12,603
130,407
57,314
28,892
125,185
86,182
121,487
53,769
13,196
82,184
11,7
105,461
38,411
173,91
180,439
134,143
1,172
179,939
131,770
184,606
53,584
82,879
198,395
106,746
119,632
58,116
151,726
135,771
103,870
69,834
3,585
11,720
81,218
7,137
23,673
33,840
18,942
120,926
13,296
159,974
85,143
176,752
49,744
97,182
21,183
20,791
170,926
60,723
166,638
126,492
156,795
187,104
148,605
32,6
192,565
29,59
95,275
53,566
191,374
62,820
13,747
35,387
106,394
115,3
39,6
125,913
131,723
93,883
62,499
189,710
48,99
16,377
113,308
26,162
125,484
63,307
168,33
129,312
198,169
2,263
54,110
54,953
38,586
188,629
97,232
191,465
11,466
150,179
94,262
1,526
78,638
78,956
46,988
54,305
9,560
131,629
147,373
123,35
68,367
119,234
49,989
91,169
101,187
127,404
61,292
164,86
56,64
78,951
47,56
6,430
188,907
32,514
69,266
8,304
119,998
162,596
72,808
41,156
114,276
158,379
78,984
52,515
48,260
153,896
46,271
92,840
21,368
63,790
54,544
55,308
108,50
176,559
155,722
1,802
75,126
11,125
141,353
10,882
20,211
29,406
189,921
169,399
23,432
70,860
97,385
95,866
103,898
107,521
180,733
33,859
160,685
161,971
136,605
178,801
186,272
183,507
47,356
104,955
8,153
36,547
120,294
86,147
90,314
49,314
169,746
75,365
78,776
87,201
135,496
14,324
91,47
174,196
150,275
55,563
19,631
141,886
192,253
43,299
82,347
141,864
62,328
4,542
35,293
190,667
74,360
148,652
49,345
146,125
154,770
66,652
62,65
153,238
22,464
19,292
58,785
132,78
31,980
55,691
96,352
11,1
7,850
152,791
90,411
181,130
83,622
113,937
168,244
117,854
133,952
67,192
189,654
63,235
99,670
191,493
167,4
138,749
1,859
9,588
35,466
166,200
33,29
173,901
94,741
64,552
152,272
141,744
36,814
8,635
35,907
34,250
31,305
16,522
28,335
95,808
190,778
19,14
126,315
153,227
123,252
46,310
48,642
19,968
25,557
185,371
149,36
80,316
3,546
115,868
192,590
170,706
182,807
196,829
100,935
25,609
125,102
146,262
74,759
14,3
66,914
158,323
81,409
168,704
50,133
100,718
160,297
46,136
19,373
124,122
6,170
194,1
60,837
36,456
125,89
49,615
133,751
140,316
200,525
160,434
184,467
138,264
199,768
145,574
152,685
113,293
192,972
22,412
3,678
81,25
82,640
95,616
161,10
156,842
184,286
50,86
36,830
181,916
30,143
115,188
7,449
195,616
56,731
91,678
151,295
143,440
162,908
130,942
148,289
91,783
77,697
160,462
112,221
48,460
170,558
12,473
108,819
50,79
86,590
188,869
184,826
189,298
132,737
13,195
100,347
78,993
63,736
56,451
20,48
123,24
155,171
24,417
95,345
76,136
115,271
193,848
13,904
99,577
22,716
57,534
6,692
23,174
5,596
184,222
123,576
82,503
21,959
188,791
9,300
141,459
78,343
56,954
191,867
28,688
91,271
168,179
8,96
148,357
155,433
146,702
75,912
180,929
8,270
199,981
72,568
198,764
169,896
158,20
67,41
5,490
44,149
150,138
68,923
156,854
120,9
117,284
61,886
176,297
28,331
149,941
41,956
167,590
67,588
151,840
173,244
125,817
28,481
93,671
141,707
185,161
128,355
96,247
4,947
56,642
60,632
158,954
46,812
171,623
91,284
16,364
106,390
125,910
31,283
159,954
139,837
59,298
121,977
74,92
181,44
40,307
132,63
184,926
68,899
38,340
88,17
114,179
199,768
163,515
159,270
131,597
36,766
32,407
69,975
133,788
142,496
124,822
76,752
70,592
182,336
168,970
6,660
105,967
79,357
104,490
111,810
156,194
144,545
134,166
142,622
166,653
110,257
92,57
196,997
36,162
49,546
129,340
140,59
54,548
17,810
57,278
58,644
171,381
131,395
197,852
31,826
163,773
160,432
143,754
12,754
173,805
135,39
133,892
58,27
103,76
72,652
21,842
170,18
196,491
63,199
170,189
146,758
182,267
189,295
181,534
63,894
199,375
145,216
73,28
199,56
133,130
186,126
23,612
60,928
161,644
135,560
67,388
96,15
125,214
43,205
99,995
35,845
151,172
199,976
182,51
81,418
154,616
123,650
8,944
76,785
46,980
40,94
107,622
43,500
80,753
175,534
163,654
21,354
185,690
7,372
159,731
134,752
3,297
21,397
32,722
50,388
22,855
179,46
50,464
33,50
19,73
65,787
104,885
93,52
93,546
35,670
164,131
157,210
77,675
16,63
175,799
70,879
193,531
63,398
17,177
17,352
42,330
48,736
119,454
23,370
104,794
176,889
147,276
26,834
139,304
117,698
29,665
100,678
163,56
89,788
57,770
74,325
105,984
158,721
11,304
6,634
46,960
174,589
127,199
179,134
115,819
76,433
181,727
143,33
61,557
41,496
142,917
149,13
14,303
40,283
196,342
111,422
26,188
50,614
52,261
17,358
45,386
81,941
89,173
198,889
85,774
52,944
192,736
124,107
21,421
8,358
37,230
6,49
170,504
81,536
175,970
94,184
155,937
144,509
82,757
99,841
15,204
84,114
114,471
195,991
21,435
12,278
136,82
181,358
150,469
55,962
50,402
126,581
124,34
123,957
119,391
122,216
100,94
32,769
69,100
19,6
15,629
13,125
66,122
64,561
150,411
2,667
2,943
3,588
55,340
107,455
71,367
94,839
126,416
178,183
103,181
32,10
53,53
28,729
47,72
114,822
184,646
59,686
188,884
61,525
168,532
96,500
34,908
7,601
101,601
75,138
101,583
94,364
85,860
60,198
58,698
200,882
180,915
156,26
33,903
183,857
35,466
114,643
65,701
108,591
164,482
179,611
51,640
57,650
43,456
145,261
1,370
189,965
54,155
19,935
160,378
77,467
163,818
186,783
102,530
46,523
62,737
144,689
76,255
140,225
197,891
128,692
86,404
22,565
140,317
28,378
84,844
190,135
119,849
160,755
144,984
26,858
48,183
195,953
56,45
49,654
56,169
11,613
4,24
109,224
1,344
107,418
150,402
116,715
32,541
49,820
182,746
54,49
46,573
177,747
5,759
113,134
28,329
44,859
86,527
151,753
77,31
112,223
28,670
133,301
1,48
65,89
190,528
114,480
106,962
135,722
121,231
81,416
183,205
53,61
109,348
66,726
105,766
130,867
83,141
17,903
21,380
70,367
51,564
25,876
165,475
164,36
82,966
3,647
100,495
27,821
13,241
26,434
102,880
118,888
37,701
152,644
163,27
181,550
160,335
190,696
24,623
64,142
106,573
156,215
6,942
128,975
19,617
80,576
140,251
175,44
179,885
189,502
126,349
1,302
107,747
48,262
125,240
148,77
74,355
90,966
47,352
112,823
110,971
88,946
20,817
69,956
43,261
40,335
75,182
180,870
162,771
95,147
137,906
120,110
71,695
150,869
178,416
28,304
122,983
128,201
104,783
193,480
44,633
98,649
110,196
115,821
115,252
50,161
22,673
93,50
6,61
154,712
173,161
176,968
103,876
111,943
113,772
188,25
42,717
79,246
167,699
128,77
135,683
64,963
29,268
167,481
53,600
118,335
182,766
28,948
68,792
55,767
92,788
175,419
179,799
52,119
17,27
106,408
26,501
43,740
25,371
37,653
129,748
176,854
182,273
185,441
128,625
10,225
144,981
128,163
68,504
171,274
173,158
10,285
170,19
91,307
71,400
116,965
200,469
171,907
52,502
35,980
136,580
112,805
67,412
135,947
151,489
4,950
150,335
99,730
77,343
154,897
99,284
148,890
101,543
192,209
102,227
56,999
43,917
94,877
147,91
120,618
130,261
108,788
188,712
44,734
130,496
22,270
157,398
128,439
138,679
57,432
114,201
96,960
72,905
86,340
67,705
45,578
123,147
91,835
182,743
69,912
162,557
78,882
83,591
59,232
22,219
53,811
15,263
185,799
102,856
75,432
36,477
153,482
106,879
148,937
107,89
28,856
122,481
106,327
49,378
2,563
28,970
127,230
44,244
2,717
34,712
181,72
126,943
191,115
184,526
151,71
5,671
40,250
26,132
21,641
188,52
103,822
6,891
195,439
38,214
174,43
130,932
199,850
136,764
107,636
131,294
43,621
177,33
123,689
120,825
27,156
105,310
170,225
58,501
104,97
26,288
66,545
2,361
14,912
164,517
199,108
19,746
80,708
68,778
29,790
161,310
59,143
112,237
66,347
74,643
163,641
73,14
172,371
188,732
63,745
172,801
199,854
158,897
111,923
37,945
148,742
194,802
154,406
70,416
61,594
136,392
4,152
172,887
134,726
42,15
79,104
83,230
58,120
135,659
195,581
154,158
14,366
76,180
128,84
47,817
37,598
122,201
176,980
50,972
29,411
1,646
14,99
200,539
67,44
121,19
45,152
178,864
35,728
68,963
153,301
33,889
29,280
97,271
127,86
71,258
18,837
102,652
62,691
146,569
21,458
134,261
55,468
123,562
159,68
96,861
15,841
90,425
53,116
199,889
58,611
55,714
131,796
34,50
181,388
169,920
29,21
85,95
145,128
63,540
66,447
75,692
19,141
174,120
62,94
198,406
20,22
54,547
49,941
50,770
33,382
164,26
26,635
27,221
183,243
65,540
40,300
142,949
113,515
91,446
152,169
70,112
196,427
124,541
175,921
20,132
79,297
152,730
142,585
4,739
120,675
58,161
137,177
130,17
133,643
121,446
120,480
61,853
31,241
1,109
172,413
39,361
138,429
125,970
127,999
106,450
177,256
190,146
199,648
95,337
105,544
67,906
144,179
26,139
9,813
11,365
139,175
5,675
194,545
117,822
46,843
2,83
102,862
56,430
132,787
46,67
8,109
55,82
82,92
71,516
68,559
161,182
189,925
157,870
62,747
110,766
17,717
188,737
189,218
65,811
188,714
82,435
131,420
127,249
91,552
138,336
26,315
69,930
169,774
160,783
185,408
15,456
146,80
176,154
29,169
11,949
181,804
80,474
123,21
127,121
5,798
169,154
143,268
96,523
28,778
13,555
102,398
70,824
196,66
86,358
74,948
86,922
167,163
195,203
86,666
76,664
11,589
108,135
197,154
138,262
141,803
43,417
52,390
169,601
95,51
63,904
154,30
2,247
18,725
140,594
51,445
59,472
136,310
15,197
64,216
15,214
100,532
185,949
107,229
169,404
52,701
136,120
123,236
138,501
117,567
142,404
145,24
138,732
145,169
13,557
44,629
191,474
143,237
135,623
69,907
105,898
46,184
189,863
6,97
60,228
33,416
127,262
86,527
116,939
126,658
131,967
135,645
163,880
49,27
16,557
20,463
77,156
31,119
4,534
145,465
182,403
159,641
165,14
45,364
168,83
198,754
112,951
161,103
139,307
131,316
106,524
108,947
135,20
160,733
126,683
182,699
181,844
14,873
160,757
37,992
109,272
72,615
105,631
1,605
122,447
88,897
189,57
14,884
68,119
41,556
82,975
173,170
48,206
15,370
195,794
56,849
96,923
13,894
41,570
17,945
37,254
44,582
132,490
132,336
80,515
135,682
126,441
127,755
136,133
103,1000
26,852
70,152
25,784
39,502
108,525
89,282
187,874
8,52
148,405
82,404
115,674
197,712
9,737
111,303
140,557
154,769
28,526
186,947
107,164
15,211
176,311
119,354
47,461
27,162
178,198
107,872
186,826
24,280
77,61
28,520
139,332
84,6
34,996
119,324
196,906
77,662
81,834
190,957
57,552
193,968
185,377
194,387
181,204
29,458
194,432
135,380
9,193
56,954
81,808
167,968
26,592
40,93
167,113
51,252
129,859
114,156
120,201
33,652
91,947
148,756
56,732
65,702
184,377
57,265
160,588
9,215
142,235
28,402
9,885
75,922
90,388
79,356
2,795
123,798
61,419
56,247
53,432
48,358
40,113
64,72
195,81
119,391
110,121
33,743
151,466
84,225
164,38
25,984
193,227
180,634
7,328
45,74
123,151
149,984
190,754
36,180
88,599
134,161
140,552
81,847
56,702
179,110
142,206
2,116
78,279
122,456
186,994
134,764
146,943
67,571
103,939
77,520
9,200
154,927
144,433
77,896
147,972
190,731
33,619
35,523
113,386
143,17
177,882
188,822
2,19
33,915
36,811
42,727
56,870
159,985
33,228
191,811
3,495
100,346
42,380
119,808
77,203
117,251
140,205
125,300
164,913
25,153
47,875
119,828
9,126
172,556
119,245
71,885
90,870
98,576
105,983
146,635
38,8
12,957
94,704
95,464
55,527
185,146
150,127
197,998
76,737
131,169
15,312
69,141
72,552
127,179
60,403
183,928
180,744
99,851
89,100
131,739
33,633
99,502
11,743
194,542
181,782
199,131
27,437
65,606
142,838
48,996
25,930
169,364
195,609
131,131
160,734
130,533
168,550
155,543
67,377
29,954
25,222
107,160
50,260
48,490
43,991
184,872
6,97
110,830
161,484
7,822
195,603
179,404
198,806
116,267
200,32
90,427
72,498
54,461
9,408
124,898
198,977
80,115
48,917
18,51
106,34
123,148
110,485
169,369
128,801
164,315
133,860
190,70
37,855
5,161
110,714
115,774
190,421
72,274
35,233
120,78
59,551
27,249
48,484
180,436
28,83
168,742
97,429
123,586
161,738
131,340
58,4
174,78
20,143
79,55
94,731
11,800
174,616
12,756
108,677
197,86
49,745
90,80
164,326
99,770
89,704
182,353
155,25
11,240
184,782
42,375
154,620
4,908
89,379
26,605
95,205
186,677
36,505
141,969
200,556
103,84
117,421
85,450
95,797
115,329
159,891
179,379
51,796
40,611
177,146
114,801
33,528
4,75
80,733
114,706
123,402
65,408
133,981
187,367
108,935
167,261
74,719
174,651
174,155
95,382
193,651
30,522
23,666
15,81
18,927
96,464
1,413
23,222
146,337
58,191
34,469
79,930
7,857
117,43
2,86
19,96
2,780
189,410
9,132
152,816
12,847
100,505
43,155
138,541
158,468
61,909
91,536
111,283
65,199
86,862
111,662
60,169
128,372
197,54
85,517
51,484
123,197
160,317
80,212
131,923
57,689
35,128
81,348
39,324
69,898
54,749
160,674
73,496
185,607
76,504
91,202
128,348
84,376
105,460
151,244
116,144
41,341
113,775
78,470
98,291
80,181
163,640
57,178
163,89
166,212
142,127
21,703
198,825
199,805
36,830
77,544
195,435
87,579
190,773
36,373
192,140
23,911
39,704
94,24
161,625
87,108
155,594
174,520
143,345
197,888
194,774
124,333
21,328
29,194
192,623
22,111
50,973
7,49
177,111
170,758
118,43
158,960
14,163
70,809
67,15
98,130
96,66
150,896
200,646
89,633
3,89
54,915
20,913
59,382
29,864
182,765
60,917
196,6
161,292
14,136
124,780
58,654
175,893
80,908
71,371
36,757
13,217
46,70
34,746
140,218
23,828
21,921
154,941
96,49
177,824
115,887
87,225
142,419
16,756
136,120
191,539
143,755
148,422
188,530
151,13
160,207
179,219
48,491
120,907
26,691
144,950
167,844
184,572
18,919
72,145
64,209
160,184
41,278
165,982
42,56
158,550
4,256
108,553
55,736
171,202
64,388
175,105
44,747
2,8
137,534
138,26
89,444
107,582
11,295
82,198
115,578
173,268
59,417
140,283
196,692
195,177
91,11
147,771
82,171
35,934
149,544
54,587
33,289
163,473
170,519
94,562
66,835
88,421
190,328
61,818
19,491
143,615
94,63
22,320
56,872
14,584
89,722
124,330
87,657
42,591
131,575
130,151
42,143
46,824
115,53
13,471
39,157
70,773
5,64
111,864
149,941
110,576
95,865
99,351
200,109
143,969
155,768
61,719
123,418
132,396
130,764
84,915
83,298
185,146
186,422
15,564
74,698
66,75
136,851
24,521
199,192
183,563
129,298
94,910
135,303
106,823
86,670
53,782
147,899
92,703
7,209
127,122
118,524
24,926
119,659
118,674
108,945
197,261
22,824
45,580
167,731
79,674
199,63
125,769
117,315
72,662
23,48
13,32
121,916
173,602
183,321
36,932
149,389
3,722
139,707
185,557
125,967
126,726
53,224
142,528
158,825
132,99
198,675
190,278
93,740
22,224
24,906
76,879
28,813
186,15
19,484
28,505
146,776
106,925
40,699
35,428
95,277
3,184
199,6
27,282
159,952
62,34
50,422
10,972
172,678
41,116
159,602
168,327
13,215
61,789
41,621
34,144
138,776
35,143
169,542
150,334
102,529
82,566
161,702
70,358
51,86
107,987
178,877
67,179
69,916
143,157
24,956
41,142
21,705
54,14
141,699
163,537
89,42
41,335
178,458
151,537
182,293
191,951
181,446
55,46
20,42
38,229
69,816
40,301
101,159
151,371
32,173
158,703
159,371
109,828
7,481
145,420
188,409
167,808
178,684
199,282
194,320
118,231
55,812
33,967
162,263
137,30
182,687
138,938
200,430
129,244
118,134
5,622
167,550
104,955
29,715
149,185
113,861
147,976
105,423
65,901
148,747
65,189
88,38
9,303
66,65
8,830
177,809
147,196
79,497
111,710
45,437
157,90
191,903
69,896
146,293
187,610
156,481
73,799
97,546
120,322
127,141
46,970
138,153
169,130
188,183
71,440
23,601
157,828
178,773
82,848
50,162
69,549
49,740
83,469
108,247
88,102
98,952
116,964
9,564
81,215
196,731
124,954
158,820
171,74
27,532
168,186
176,618
137,636
14,942
89,163
134,492
51,290
55,799
45,313
58,188
103,710
146,568
71,944
98,121
124,934
19,902
25,531
81,575
164,987
33,460
109,621
130,406
192,967
197,197
177,991
156,37
178,515
124,582
99,520
6,781
169,941
5,846
137,765
149,106
44,107
57,688
178,382
129,368
175,19
175,327
191,354
121,623
24,988
17,139
104,363
75,253
150,260
187,758
44,676
131,960
5,755
11,662
79,131
200,396
46,106
99,651
85,566
168,806
185,317
11,81
199,684
119,459
89,17
58,588
8,15
25,503
82,25
149,264
37,564
70,582
182,352
189,416
107,224
5,393
106,881
6,29
121,80
39,598
48,82
103,310
175,384
104,364
128,88
166,310
166,630
126,230
125,300
131,107
1,326
172,361
81,830
183,275
123,752
188,793
47,973
111,512
78,970
124,450
31,317
6,326
131,393
2,152
22,394
15,51
20,807
161,231
131,11
66,686
139,332
123,680
126,59
10,738
110,986
184,851
71,541
144,292
33,647
187,934
57,493
31,650
164,761
95,382
81,320
170,599
88,724
101,869
69,8
155,478
141,367
25,566
4,543
68,425
22,385
162,815
14,665
97,488
183,124
74,397
191,152
122,515
12,893
80,28
183,662
172,912
135,780
31,892
155,378
129,301
52,57
134,230
59,311
46,389
90,484
62,948
138,566
32,270
195,395
122,327
108,53
169,327
129,37
42,890
97,575
73,120
170,257
94,705
177,919
88,351
3,256
185,329
46,537
11,550
185,22
172,72
43,264
47,602
125,277
180,741
120,492
130,632
85,595
11,171
24,290
18,612
108,688
82,886
74,77
171,274
181,879
7,295
178,80
176,872
159,122
98,977
32,88
131,395
119,927
58,952
137,82
57,22
7,961
153,226
53,150
114,220
14,583
122,820
25,674
105,867
192,516
68,576
4,129
150,637
172,488
79,141
73,439
32,861
15,921
128,265
190,363
8,565
183,687
145,924
193,217
169,512
64,977
112,443
52,147
187,623
79,184
118,207
5,325
73,827
66,20
192,916
28,726
84,705
51,913
6,696
72,389
106,410
36,453
64,443
24,758
117,824
133,181
90,950
135,70
5,861
194,930
95,950
54,971
155,985
122,80
97,591
188,887
3,190
83,225
106,565
86,84
106,354
129,79
49,156
56,50
114,486
125,47
69,557
159,822
91,241
43,616
163,840
101,286
107,58
41,289
53,962
176,207
152,607
66,288
191,718
26,212
78,942
59,282
140,874
195,787
142,656
114,664
142,468
56,692
139,418
105,521
157,776
53,75
102,262
26,653
89,364
145,978
113,572
195,483
100,972
53,398
164,718
130,731
43,408
15,428
149,59
84,209
138,592
14,799
169,285
36,430
40,416
91,859
71,157
196,369
195,305
135,511
124,573
145,131
34,832
199,386
15,348
90,781
38,720
174,274
200,97
112,445
51,958
32,839
164,839
189,229
41,373
100,772
85,564
5,986
110,808
9,662
177,275
84,82
34,544
3,250
149,42
157,438
30,88
34,467
29,209
58,360
156,625
10,153
27,336
30,710
41,337
200,301
132,777
153,665
67,119
163,584
60,259
118,512
17,238
139,362
51,167
143,242
132,562
78,430
87,614
138,103
122,528
83,788
39,753
7,516
14,506
147,666
95,952
26,783
116,781
103,468
68,933
200,833
73,59
76,793
77,230
153,215
109,10
165,917
102,406
89,498
167,576
19,431
64,594
90,577
149,988
27,782
58,217
187,432
55,333
83,76
103,414
59,823
89,512
22,355
4,321
101,422
166,163
13,84
142,269
103,800
71,695
151,818
79,73
183,191
43,424
85,135
12,369
184,765
138,504
124,574
146,271
38,368
93,304
56,382
89,90
175,170
148,537
121,582
80,828
166,505
1,136
138,211
152,507
135,930
2,271
110,518
60,76
116,42
176,555
35,148
31,749
134,790
185,309
21,518
86,572
16,754
48,386
23,452
52,61
190,552
142,889
197,188
110,702
28,5
18,49
26,460
35,10
161,423
162,340
95,863
12,831
155,508
23,638
100,949
122,392
131,686
120,494
126,11
76,781
51,295
84,649
42,909
142,1
183,374
75,398
129,569
155,914
165,691
13,313
168,517
54,628
62,186
125,50
32,337
95,821
157,107
89,617
52,935
8,122
43,145
141,269
141,833
85,531
61,118
146,847
9,969
11,248
196,47
101,999
94,845
150,589
134,157
78,392
187,556
26,389
198,36
146,721
131,846
106,283
99,283
34,615
31,303
159,505
194,184
78,84
144,195
137,595
168,784
54,664
173,513
142,195
10,937
12,249
27,451
55,604
163,61
136,639
95,957
38,693
98,917
65,705
134,145
13,225
62,211
195,958
175,127
189,119
172,256
120,439
21,672
52,912
20,201
128,470
63,751
59,115
74,508
185,974
120,902
183,587
177,166
200,268
129,89
1,261
194,831
163,178
29,192
159,395
188,94
21,119
91,896
170,76
186,783
42,535
33,466
68,710
51,478
82,868
200,269
77,334
178,68
125,823
118,169
59,204
99,946
93,377
3,610
113,822
15,899
51,412
99,436
145,342
127,684
20,363
110,325
41,423
84,916
104,855
44,897
102,766
63,780
199,74
156,420
47,574
181,480
178,39
105,538
63,16
76,390
118,480
17,856
17,257
139,584
198,427
98,294
178,66
125,103
198,868
12,859
139,663
92,212
71,841
157,465
46,579
28,868
121,665
112,281
156,597
152,132
160,109
52,49
179,854
167,822
198,562
135,61
84,533
167,266
15,519
81,314
93,446
178,324
107,863
125,643
65,686
38,360
76,154
46,206
137,344
63,486
178,237
57,676
78,773
37,228
107,117
2,9
49,8
18,262
35,981
7,211
158,678
72,228
190,581
26,200
32,330
83,232
123,202
160,407
110,672
194,338
62,69
96,910
51,253
133,237
45,967
92,68
153,248
23,822
124,793
33,521
109,927
200,2
113,906
32,526
32,636
91,166
70,314
30,914
123,897
41,693
118,781
197,31
38,977
113,251
118,763
46,865
93,620
20,153
30,206
19,699
145,279
3,229
33,180
184,422
35,259
186,290
154,79
56,263
109,573
130,568
179,925
177,95
175,646
30,408
25,889
199,940
91,53
68,379
184,386
150,855
10,269
114,882
35,542
148,556
112,466
182,386
96,20
150,242
158,257
60,507
25,630
172,959
144,93
47,461
18,257
83,466
17,650
167,497
149,426
62,583
42,816
83,467
175,964
122,693
44,681
70,950
142,139
3,924
136,411
123,346
106,904
16,983
56,131
14,240
159,947
57,328
58,888
164,549
154,401
72,547
6,660
92,689
83,453
37,26
111,129
129,851
76,468
21,369
120,639
160,222
65,392
187,831
93,989
34,784
102,973
149,751
68,583
106,265
158,649
73,255
115,166
168,438
25,577
87,224
73,575
63,548
151,891
102,839
18,59
171,802
108,887
189,624
123,10
166,951
20,505
56,890
88,416
199,149
134,607
52,392
187,688
94,141
83,977
87,752
89,981
188,75
43,653
102,843
34,499
29,189
88,118
84,740
47,72
26,384
68,407
3,985
36,562
67,430
98,351
13,322
149,220
27,86
140,179
47,39
73,293
22,333
77,886
169,101
126,67
185,904
177,75
196,274
154,829
45,940
151,342
45,981
124,80
170,531
33,527
38,238
19,520
164,791
148,312
57,280
100,327
103,173
137,408
21,471
134,979
155,938
58,867
75,923
156,606
56,918
122,15
47,198
25,235
131,561
43,118
36,324
58,686
149,369
160,526
170,784
113,296
42,777
68,906
187,445
24,595
86,744
124,166
130,392
15,598
148,902
119,478
186,572
121,775
13,241
188,720
123,2
9,430
119,329
24,417
169,339
60,843
170,961
182,566
167,21
61,10
94,762
45,711
2,639
73,437
36,942
96,732
149,641
27,49
128,782
162,860
50,449
19,887
167,416
32,39
195,304
31,572
172,581
54,365
103,781
113,730
198,418
121,891
35,994
68,692
28,893
44,246
24,459
71,296
120,681
73,225
198,483
182,865
93,652
76,610
191,491
89,436
61,330
156,595
143,899
6,180
52,852
16,633
90,738
199,805
34,915
97,575
76,446
22,443
85,429
158,162
90,383
72,390
14,93
132,374
26,567
129,462
200,828
102,110
89,373
1,36
131,226
90,816
181,754
125,877
28,357
75,486
1,827
13,947
164,941
178,155
14,491
45,798
188,800
150,900
70,230
103,504
184,672
40,28
85,192
45,85
127,380
136,595
66,111
113,799
22,488
45,508
49,617
111,141
93,698
143,201
178,697
138,750
2,980
190,1000
25,132
74,963
167,598
75,536
103,793
173,623
124,659
89,831
198,155
157,571
86,697
108,588
72,998
170,258
147,486
52,451
144,486
46,758
52,212
33,334
62,156
35,526
17,274
87,571
88,763
50,27
145,984
96,551
117,727
154,394
65,942
122,566
96,16
146,2
170,773
4,980
105,820
37,78
135,232
116,708
62,360
129,90
162,693
102,739
48,979
72,977
192,164
143,464
57,470
37,518
35,954
142,511
5,70
101,418
180,525
150,157
29,383
35,504
157,479
118,743
182,413
69,816
182,74
194,749
168,291
192,317
158,548
197,700
86,239
29,849
183,615
193,783
5,97
97,624
174,614
186,390
5,478
192,792
66,404
30,767
174,27
163,393
195,567
17,853
179,217
4,351
27,113
122,364
192,554
113,57
164,560
87,334
90,498
34,516
102,607
158,45
20,188
44,348
170,471
127,696
49,977
112,833
142,499
165,46
75,21
168,99
128,976
52,540
88,105
47,664
122,834
59,312
97,594
107,276
54,369
15,139
32,622
108,945
95,227
110,387
200,996
132,1000
88,388
114,621
170,369
11,557
184,540
73,761
119,37
133,219
196,130
76,741
4,172
63,115
196,425
198,705
4,679
37,822
93,590
181,848
19,356
13,588
107,368
27,570
45,886
26,980
131,388
95,342
41,641
151,847
150,492
57,732
41,848
182,126
119,858
83,534
137,664
54,365
133,598
124,363
89,581
198,740
63,879
84,341
46,405
59,302
55,117
68,346
52,848
104,815
163,455
150,823
94,618
23,653
77,131
114,227
7,41
102,723
138,820
38,798
115,334
108,27
56,700
113,224
143,641
199,256
136,509
188,912
144,804
49,815
166,117
183,977
82,251
134,610
120,863
80,736
103,467
49,113
186,987
1,547
84,884
175,794
46,845
117,243
140,487
197,340
162,210
105,161
51,279
127,277
9,391
139,155
143,440
91,31
8,935
86,429
148,697
87,540
132,690
93,31
200,573
172,527
50,402
59,175
167,332
118,899
17,741
38,600
95,281
11,455
15,81
193,23
149,59
123,581
165,564
89,8
194,649
65,86
178,419
136,528
169,809
54,16
37,919
113,609
161,405
141,89
108,151
188,555
93,624
154,598
92,956
86,152
134,682
179,302
55,276
41,827
173,463
52,355
136,350
108,459
134,468
88,270
140,928
84,143
78,942
65,257
153,337
2,368
46,626
187,304
187,945
147,352
138,550
133,264
128,322
110,840
109,219
25,909
26,985
112,820
114,170
93,428
90,289
126,562
143,71
191,621
84,366
49,568
108,106
4,905
155,454
105,954
114,478
151,88
135,45
73,883
62,70
93,867
83,357
40,947
26,663
197,325
22,661
156,210
146,593
150,902
176,400
79,639
16,321
135,626
181,809
113,994
30,62
17,666
27,388
173,259
