100000
106,868
140,17
168,760
75,474
58,276
55,317
124,708
55,61
48,53
43,202
49,426
86,903
90,450
129,768
46,872
95,319
154,123
179,777
173,397
150,556
106,469
130,51
75,793
148,787
128,611
119,29
12,253
84,503
158,21
4,646
141,126
63,18
158,150
52,849
190,264
143,831
11,180
103,829
159,80
56,137
10,16
33,13
161,197
92,702
121,731
35,486
144,122
30,800
68,177
198,355
185,333
45,233
104,634
121,89
188,727
137,648
151,560
155,680
18,133
55,134
141,199
170,538
196,747
18,182
98,14
136,590
118,466
79,731
188,791
170,731
164,284
46,864
132,865
161,468
80,597
102,251
82,176
39,109
71,269
7,624
195,47
128,599
168,964
167,796
51,282
52,658
135,503
59,7
30,384
51,932
26,659
103,225
188,721
96,925
49,493
196,518
65,150
172,53
64,238
164,811
167,114
138,862
146,617
86,616
8,931
158,495
38,395
117,48
80,590
158,618
42,831
179,461
98,570
45,67
25,990
69,86
193,701
114,319
75,871
175,921
192,917
103,327
74,991
140,418
130,253
102,6
87,269
194,530
119,752
77,85
188,559
96,119
194,133
73,50
16,695
97,627
26,324
131,936
156,290
164,771
78,57
63,667
97,427
124,940
193,564
35,270
125,157
128,137
74,897
31,983
152,174
70,728
144,125
186,931
55,46
67,703
147,351
87,287
48,965
74,123
13,310
34,412
83,502
114,694
157,30
97,954
134,567
100,759
24,684
9,666
89,568
110,710
134,809
160,46
76,786
56,694
146,297
50,871
19,60
117,794
113,905
114,942
98,448
153,410
151,712
162,791
128,530
26,900
66,498
71,650
71,472
2,446
187,19
198,398
64,813
166,32
27,653
176,742
4,219
192,412
124,508
139,126
3,754
200,308
151,357
43,621
133,485
190,910
135,38
108,508
71,278
64,606
154,539
123,829
183,389
56,601
1,748
123,456
67,541
173,571
109,51
100,156
45,46
100,210
141,604
126,833
128,832
129,903
122,759
7,752
73,977
188,641
191,4
152,363
98,223
147,215
69,193
177,685
49,991
59,933
33,106
74,101
62,120
81,211
134,61
69,528
16,394
101,762
109,77
134,270
18,585
55,390
166,475
124,641
49,63
127,616
124,234
181,336
55,505
139,700
116,716
146,743
155,980
50,365
176,783
185,262
43,496
184,771
56,190
24,439
1,331
126,446
9,309
6,833
96,251
39,542
25,253
180,54
121,300
92,5
50,443
100,372
4,213
96,131
89,935
59,411
84,939
126,1
96,63
34,335
34,504
74,274
150,393
47,157
142,476
11,797
154,992
194,989
179,806
181,184
73,944
191,166
134,921
148,525
155,101
21,937
64,848
49,323
159,732
180,661
111,168
108,164
72,298
14,579
124,136
52,230
184,611
54,12
175,700
166,866
19,336
79,285
194,321
103,290
164,643
98,440
44,577
17,836
165,295
63,91
168,502
74,913
191,729
46,171
156,564
73,916
125,686
181,655
147,802
61,538
192,551
119,789
50,556
98,114
11,420
157,888
131,668
151,621
46,73
186,118
55,983
19,596
155,950
41,111
5,1000
75,551
41,298
17,542
126,880
147,668
20,902
32,310
110,256
89,997
130,910
164,343
127,153
27,500
34,95
109,663
32,315
132,442
177,329
94,426
127,776
125,863
48,78
199,456
197,965
21,928
166,166
64,345
18,194
115,399
137,737
163,768
29,833
11,884
78,136
84,606
3,623
146,291
143,456
84,872
116,818
105,80
190,869
64,689
69,333
159,139
70,607
124,753
149,335
189,124
195,730
129,608
165,186
144,133
137,176
49,897
173,771
116,637
46,91
20,55
24,269
91,203
194,332
2,813
143,291
20,869
176,694
63,40
198,152
135,789
79,357
143,782
21,784
30,188
199,403
122,895
109,744
150,960
31,16
161,695
18,388
184,692
111,291
66,401
105,353
51,48
66,928
5,402
90,274
2,808
80,273
83,558
51,115
200,864
161,196
29,413
36,867
36,39
133,982
25,132
74,107
110,779
103,511
157,264
92,120
169,351
35,17
124,223
172,480
118,177
36,116
90,402
111,331
137,711
46,620
190,11
48,552
67,14
84,312
57,987
185,632
49,233
188,327
162,435
1,118
87,66
86,123
170,922
39,390
198,409
75,457
27,584
149,313
186,301
159,329
99,461
94,881
121,38
86,587
177,684
168,1
7,529
79,890
11,293
139,730
13,655
132,299
60,855
53,433
18,754
94,309
88,874
146,722
189,286
106,234
154,941
35,677
162,354
105,667
43,510
64,888
4,247
52,737
88,628
31,963
17,216
21,122
5,308
135,375
73,299
92,14
143,714
119,353
185,190
128,626
95,833
89,765
120,589
178,832
46,541
135,341
160,727
66,366
64,663
175,687
187,653
56,416
98,846
110,15
193,271
148,745
191,598
188,248
93,531
173,732
29,947
117,962
56,413
95,559
3,232
147,343
80,238
165,821
22,167
50,11
104,281
129,224
172,491
188,488
154,66
110,839
66,822
196,443
121,456
195,368
159,41
6,768
120,466
67,626
192,440
161,582
7,593
33,683
110,954
34,498
197,416
75,324
40,801
58,630
107,522
114,634
40,646
193,366
138,535
128,279
53,717
83,513
10,488
137,236
192,478
52,883
42,290
189,172
2,131
3,274
161,250
184,994
49,119
57,169
3,689
151,597
103,429
119,516
180,787
153,725
170,796
59,479
62,643
43,662
31,829
168,15
17,21
63,164
35,911
105,623
135,137
156,25
111,945
80,146
20,100
148,16
47,823
179,49
125,911
77,942
133,340
4,290
99,425
14,452
168,897
98,417
129,632
54,646
156,643
60,91
192,477
160,813
100,294
4,824
79,65
94,6
55,544
2,947
99,923
69,56
195,705
171,250
12,136
60,405
165,360
168,991
181,601
172,453
128,425
32,312
83,362
98,591
100,413
177,496
52,483
47,371
186,711
80,212
31,311
115,901
30,529
196,898
110,841
188,922
193,723
75,881
89,115
80,260
186,253
102,349
129,511
120,328
118,977
60,398
176,578
111,628
29,108
39,55
95,338
8,901
185,942
114,833
109,649
125,245
46,889
58,310
4,277
52,932
138,392
97,283
148,73
107,965
132,939
182,582
87,400
1,943
145,815
35,407
85,348
147,36
59,813
137,403
61,760
134,84
105,873
117,193
28,319
112,136
156,762
93,532
151,85
117,498
52,643
185,174
105,126
191,750
2,379
146,7
42,623
32,322
84,846
102,107
157,775
155,896
148,561
165,578
99,767
28,793
186,401
42,405
197,243
136,436
6,918
73,356
107,656
112,584
171,53
18,677
188,892
133,552
5,768
124,824
23,331
27,785
106,915
195,15
158,494
196,245
32,727
5,301
98,211
130,277
125,111
187,213
169,201
11,741
173,232
136,42
92,319
121,686
71,645
97,562
71,341
65,729
44,342
106,930
6,747
199,70
186,489
5,655
40,446
67,378
162,403
112,760
155,178
13,976
199,539
174,16
189,260
134,822
67,828
140,533
51,884
35,653
5,311
44,866
71,251
36,129
191,757
151,14
14,929
140,650
164,497
4,331
85,462
72,472
1,357
45,141
83,939
51,423
82,753
136,656
132,232
25,608
75,329
68,961
78,561
81,172
162,742
22,697
94,970
17,762
1,852
155,845
50,886
1,52
88,815
79,254
142,179
148,659
8,523
111,807
119,402
191,467
72,871
76,96
183,727
167,370
133,736
51,701
177,390
41,68
24,575
133,473
192,687
181,762
184,905
130,546
75,397
86,171
198,305
200,673
2,739
3,157
130,319
175,250
91,380
174,227
89,819
121,153
75,991
79,539
176,246
21,901
111,114
143,603
181,911
138,182
79,478
67,778
160,673
107,250
109,572
81,535
25,995
133,27
37,552
71,141
2,235
148,425
59,499
95,246
31,417
7,26
39,523
61,297
155,969
140,310
3,60
177,179
103,69
91,827
135,115
3,431
22,895
172,470
83,735
200,578
55,699
55,378
175,403
187,312
66,555
61,27
56,652
155,125
178,83
183,927
142,454
157,49
124,660
66,293
32,1
37,624
94,489
95,631
64,275
6,479
65,225
106,426
9,866
158,567
156,681
10,588
79,724
18,562
131,471
9,672
158,303
22,34
85,981
56,708
87,7
27,470
127,116
196,950
3,559
135,258
190,628
154,451
177,138
192,830
83,287
190,293
139,377
159,892
80,839
80,796
42,170
15,430
117,624
70,14
67,920
101,98
10,701
98,561
94,988
187,611
66,690
37,651
72,551
41,879
132,336
56,50
18,39
59,902
94,337
121,462
1,449
145,681
46,793
64,160
187,123
73,869
193,739
83,326
14,172
17,901
50,480
93,732
176,413
17,924
89,436
145,997
71,61
114,553
193,738
125,424
44,714
37,890
131,532
56,444
9,902
88,306
193,653
8,652
55,101
108,311
102,101
185,818
142,562
24,287
129,564
49,449
55,739
18,141
15,706
46,959
152,644
66,84
69,270
138,664
2,463
147,348
97,739
175,580
107,974
89,381
74,746
6,378
41,687
32,897
50,944
92,95
106,45
125,854
107,732
66,263
59,908
151,107
134,477
109,447
121,662
142,678
2,861
78,553
120,270
44,343
48,246
154,266
64,649
200,29
159,963
143,358
58,988
133,623
77,739
167,527
167,348
61,656
9,782
79,90
132,504
185,531
105,70
47,672
57,310
157,142
159,136
137,284
101,747
179,559
57,690
146,432
23,404
90,160
179,699
39,194
124,41
154,324
150,561
77,406
129,175
3,961
171,529
4,493
5,230
161,810
121,216
17,845
25,109
96,539
73,424
28,511
38,989
146,2
197,67
173,507
68,874
97,964
62,646
146,737
36,849
80,735
85,941
104,63
50,434
155,620
150,734
200,622
54,81
101,625
74,545
193,530
151,786
117,276
139,983
2,284
54,18
191,330
130,723
150,825
168,845
99,988
24,154
42,574
149,535
56,116
168,319
101,285
68,41
8,458
194,300
106,821
27,435
152,87
137,969
162,788
115,106
37,559
27,917
138,458
158,598
10,229
23,365
62,972
157,776
69,448
121,379
31,90
176,168
25,645
67,51
41,543
86,334
15,563
58,535
120,611
111,259
184,557
159,1
86,361
113,886
18,81
37,603
152,327
26,590
140,509
122,282
193,517
159,156
159,827
197,902
168,965
76,415
132,464
111,234
91,812
78,241
12,517
87,822
125,686
128,402
4,540
56,727
157,723
110,791
73,674
178,766
22,123
153,489
159,973
9,485
20,23
47,1000
79,468
133,382
99,329
52,222
83,190
86,446
78,381
163,476
161,548
78,645
150,585
104,881
81,514
37,323
29,493
52,764
57,151
135,838
94,593
11,257
43,998
145,305
58,177
195,154
186,458
95,920
136,795
111,359
101,720
153,685
19,620
88,626
136,105
25,550
121,608
189,308
116,65
100,699
19,435
5,98
146,815
33,269
58,824
89,774
43,207
5,903
115,665
78,629
73,939
176,716
123,144
88,11
25,577
129,923
138,716
177,486
90,356
44,368
75,313
49,29
162,548
48,283
189,713
57,67
183,761
21,7
178,646
21,722
171,835
38,59
198,752
39,815
98,302
81,739
154,116
151,383
24,866
38,788
128,427
71,337
7,296
188,915
35,539
7,328
23,30
182,771
45,66
172,548
183,492
100,396
104,230
180,64
102,397
34,155
6,821
200,931
197,223
69,207
159,249
154,692
159,437
179,576
73,278
107,101
21,809
126,736
17,361
161,636
126,932
13,514
93,673
158,586
3,915
83,376
93,392
88,879
114,377
180,42
18,957
115,419
186,476
187,147
174,670
30,220
81,989
48,958
1,69
139,972
168,111
111,220
1,689
76,498
154,16
88,478
35,814
169,590
88,298
66,507
12,97
68,306
189,442
12,1
85,306
156,422
103,759
67,415
107,715
117,738
45,210
21,193
98,458
37,223
52,851
134,560
121,640
114,907
191,427
59,838
110,193
170,573
9,363
24,825
2,187
28,650
33,545
188,320
84,824
69,379
63,409
54,978
131,717
76,347
188,812
53,928
189,727
100,5
12,686
63,263
173,214
63,223
98,310
124,936
163,851
48,855
111,460
62,40
144,661
156,627
43,442
119,467
185,495
116,337
165,327
52,741
76,871
139,802
97,286
125,781
28,630
172,810
75,93
111,882
168,166
68,783
20,940
127,453
105,226
5,251
88,576
57,706
100,561
198,719
43,665
100,743
138,713
98,458
50,715
54,961
138,431
112,790
43,641
177,753
155,351
149,12
122,149
8,364
131,764
110,54
166,964
36,51
187,384
158,350
23,253
154,739
66,602
94,162
2,420
166,610
133,952
18,212
3,788
196,557
62,880
18,368
15,33
91,877
35,470
116,65
125,10
71,870
198,975
199,911
68,863
191,808
27,23
98,906
62,179
95,762
61,382
93,981
116,622
2,177
130,615
69,664
87,478
50,145
121,353
198,99
4,941
133,709
180,91
3,794
54,77
84,261
9,912
13,354
46,517
65,869
94,288
197,804
114,246
66,618
178,910
49,487
81,63
127,424
113,211
58,883
37,210
8,722
25,268
171,685
85,623
159,817
41,192
197,962
32,64
64,802
53,108
150,62
66,555
34,985
199,215
20,720
36,442
194,502
69,292
111,596
146,347
110,768
161,498
117,124
26,388
103,376
100,887
85,143
73,748
106,820
183,212
137,994
62,102
190,100
48,734
97,167
197,748
115,956
105,745
129,922
138,132
98,733
106,116
120,105
192,662
181,812
182,657
45,979
148,300
34,934
34,896
138,878
66,449
61,992
191,515
128,783
76,454
60,461
115,41
34,769
31,662
52,158
179,893
178,117
109,311
3,721
75,446
88,10
143,454
104,340
74,951
6,401
98,721
176,92
68,709
23,622
97,222
118,567
70,144
33,722
85,188
42,890
22,329
138,831
195,818
149,410
104,163
150,791
23,302
143,776
176,146
102,212
2,129
136,837
141,342
124,256
94,313
3,218
33,744
145,969
132,873
95,569
126,775
172,295
28,435
52,426
189,716
184,358
106,202
63,902
29,19
134,452
127,117
9,577
131,905
122,746
58,864
121,554
150,455
195,82
62,786
82,566
65,268
68,946
135,941
41,314
86,773
91,255
6,172
111,11
91,611
112,741
164,875
125,506
165,492
148,47
92,202
30,490
61,135
80,433
173,548
62,376
29,51
168,500
112,995
159,143
104,522
153,765
122,214
94,708
75,617
33,861
20,119
176,2
141,512
137,972
141,12
122,164
3,705
64,877
170,50
2,282
159,513
153,167
166,859
43,942
55,367
89,754
25,18
125,618
5,953
132,264
148,166
160,864
164,227
8,775
65,186
72,993
142,215
175,705
183,281
82,458
22,620
155,718
31,998
27,776
141,337
195,389
84,51
6,768
21,213
119,227
116,315
175,758
96,338
15,131
7,356
146,224
173,963
134,337
175,859
179,398
184,968
179,698
99,502
129,265
195,600
127,492
106,429
32,179
52,283
139,138
85,68
146,547
62,99
53,384
29,159
59,225
7,683
87,338
123,356
61,984
4,723
151,374
17,25
184,879
124,71
172,85
91,276
115,203
117,1
22,62
196,459
95,357
197,586
106,8
40,97
79,810
80,675
34,865
172,766
140,738
42,496
145,772
86,198
96,10
88,274
154,653
25,896
20,851
66,729
155,829
153,912
91,827
136,839
134,490
80,99
44,594
123,379
138,162
8,639
104,710
136,111
23,673
41,900
55,677
25,895
121,350
107,15
157,344
63,426
144,847
7,959
115,695
124,255
127,149
178,775
143,576
17,993
27,208
100,442
44,630
72,210
129,201
135,448
67,652
152,386
76,404
19,432
38,572
85,85
27,79
7,269
177,879
36,297
10,87
129,502
38,61
164,460
117,385
102,211
177,849
39,155
118,539
23,683
60,934
108,77
159,144
1,767
152,27
119,849
122,961
72,47
22,523
148,409
104,408
183,546
101,528
68,459
116,680
38,269
119,433
52,54
64,660
128,979
67,19
199,152
154,971
196,762
120,562
48,664
166,52
45,594
21,139
43,771
46,439
175,688
89,669
98,889
94,81
28,534
25,970
56,280
70,34
64,173
169,437
70,120
103,873
65,128
66,916
26,657
62,592
176,634
124,615
118,25
27,694
26,424
81,135
31,362
52,745
67,387
63,318
72,259
173,976
28,481
79,325
140,922
21,868
100,191
172,455
11,53
56,975
37,428
27,665
176,8
136,208
12,942
55,972
174,163
17,420
68,596
17,852
85,916
200,947
100,279
161,769
103,216
178,603
178,636
191,19
68,661
196,259
124,91
28,723
67,624
165,100
60,2
31,196
10,561
75,579
90,334
154,241
96,460
94,519
38,585
179,196
165,898
90,215
14,385
174,22
84,620
137,731
107,377
7,164
35,955
16,431
197,480
27,497
152,87
59,23
174,734
149,722
49,472
200,711
104,214
116,679
181,88
164,867
71,689
13,315
114,254
141,849
136,664
163,577
116,981
129,951
90,92
154,789
106,639
26,25
193,784
53,3
96,858
184,514
104,563
81,44
163,221
108,734
187,521
176,485
128,659
167,736
175,191
157,538
63,856
43,883
191,368
136,110
66,512
57,313
114,542
93,187
88,9
124,679
3,779
177,179
48,371
78,916
166,218
158,13
191,183
88,625
138,290
47,927
15,216
90,934
168,317
179,393
168,848
140,558
78,952
76,240
127,917
159,749
58,240
24,185
104,980
64,724
47,629
27,518
15,693
82,451
85,296
39,479
73,201
131,96
186,341
138,725
48,181
160,253
100,108
17,272
68,34
90,251
164,980
20,375
195,611
149,908
81,827
101,761
83,325
160,106
6,424
36,332
106,217
96,208
121,68
155,634
172,303
153,128
75,447
64,224
70,115
117,579
84,603
116,622
5,893
53,78
