75000
191,63
133,900
67,514
143,626
55,185
56,30
125,303
184,142
14,537
23,171
29,674
7,237
19,644
143,317
99,200
90,712
27,781
142,56
98,907
63,692
39,88
105,755
107,55
60,527
130,602
100,964
97,531
131,512
3,111
158,821
135,266
169,401
13,647
169,420
133,585
177,251
126,123
190,935
74,293
125,366
183,813
149,705
134,160
116,905
61,755
187,698
33,459
143,225
188,503
90,529
83,603
179,405
152,795
66,977
60,513
143,994
77,548
155,145
11,699
96,876
178,584
109,245
166,156
152,819
31,486
87,591
172,554
150,833
37,86
99,211
51,839
29,6
165,9
51,177
95,888
169,538
164,852
131,662
94,813
128,587
18,228
163,667
177,618
185,264
188,796
113,782
29,141
79,491
146,332
72,28
147,63
21,690
40,210
128,953
70,68
96,473
101,57
80,857
22,724
17,882
11,391
5,364
25,500
73,881
19,979
125,213
4,242
168,64
101,643
160,224
46,610
132,239
10,546
39,930
183,346
66,674
140,502
70,558
171,852
174,866
175,1
134,895
185,619
9,404
106,728
64,956
69,105
186,367
30,24
152,331
110,483
122,508
153,98
29,925
48,978
66,767
175,755
108,595
11,287
145,361
52,207
156,814
27,303
103,474
196,268
65,412
62,746
13,762
88,191
71,118
64,405
53,587
129,208
127,282
26,53
138,799
38,229
140,695
111,626
137,91
78,542
181,383
78,458
4,873
122,124
9,543
106,532
85,117
92,735
118,478
68,800
136,26
151,221
166,768
18,456
132,846
43,264
117,874
13,507
99,630
131,309
152,18
105,858
151,275
107,932
133,656
153,671
46,402
93,189
83,23
136,329
1,776
194,112
132,369
57,107
33,40
5,679
146,450
131,792
117,678
168,543
68,396
107,134
163,451
44,871
74,234
61,465
197,235
188,993
185,682
3,836
114,790
126,931
193,188
184,262
47,768
151,33
41,133
182,785
163,332
110,16
72,995
144,684
9,924
99,384
155,913
86,813
173,3
30,403
76,306
146,660
94,429
119,329
58,774
120,357
99,549
193,480
98,775
41,602
98,244
16,244
152,501
114,975
113,756
174,913
188,951
161,999
44,30
24,721
111,666
41,149
9,415
157,185
168,203
63,814
104,287
108,222
151,341
134,365
178,64
153,356
26,216
132,608
112,64
73,794
148,44
31,800
60,728
191,758
141,837
168,110
56,546
28,66
60,455
188,90
148,810
72,316
187,499
45,254
109,548
96,241
124,52
187,39
123,450
197,938
61,607
175,543
138,372
139,396
174,684
91,977
54,627
61,699
135,606
140,519
200,303
184,325
97,354
69,555
104,61
185,884
183,593
26,200
59,161
36,574
177,257
2,203
89,831
142,691
170,695
102,987
196,938
110,430
48,929
185,59
52,623
70,56
2,697
93,783
39,39
1,529
71,466
45,707
149,302
120,665
135,327
39,240
76,696
175,213
136,858
182,845
192,730
179,986
162,10
46,29
67,578
200,251
184,325
44,460
19,380
116,502
190,458
136,713
35,905
91,56
66,102
43,508
127,617
152,631
195,528
200,803
133,700
149,325
21,926
132,440
169,996
29,354
164,802
31,810
6,714
67,680
125,288
41,865
88,155
180,700
48,754
30,742
104,314
108,185
142,570
69,291
197,80
119,133
183,206
171,278
194,510
116,575
173,872
191,590
67,708
14,894
47,584
182,905
98,11
107,421
199,556
68,669
94,437
164,309
149,407
40,251
32,79
150,466
71,836
154,732
74,153
93,432
19,407
74,524
173,386
195,459
191,765
152,380
10,718
113,424
4,715
97,746
155,456
198,571
10,979
197,72
69,622
25,772
3,706
42,38
132,504
3,234
116,685
54,913
47,442
135,567
82,457
82,603
145,866
146,785
19,535
130,606
17,359
68,949
193,449
125,551
142,941
117,565
15,793
4,497
162,847
34,193
187,355
137,949
92,992
94,919
150,773
27,727
74,41
156,195
144,555
94,970
147,782
76,872
92,970
74,902
110,71
40,627
102,326
185,451
173,210
144,283
52,292
69,615
146,320
128,854
166,945
2,975
111,396
136,705
151,970
29,629
166,332
169,191
121,161
149,487
193,369
88,873
154,879
89,801
170,519
30,832
39,502
33,526
190,272
62,698
19,606
36,272
129,658
132,167
115,165
122,166
103,814
55,481
154,356
64,354
48,725
198,922
12,395
43,216
33,773
114,600
198,298
181,923
155,65
136,303
30,661
163,174
123,912
85,12
160,482
139,501
61,167
124,46
166,12
90,91
27,834
10,803
106,993
51,703
123,187
178,771
14,685
9,152
65,356
164,627
103,306
151,303
131,672
65,566
111,437
25,103
185,765
192,552
88,750
132,226
98,500
164,265
52,749
11,251
176,559
189,233
110,676
14,441
169,376
64,423
25,393
50,209
75,904
125,309
56,413
40,498
189,150
81,145
168,170
47,870
193,988
64,508
168,46
98,434
25,679
160,354
67,631
27,641
9,117
3,835
25,732
118,840
19,556
195,771
128,709
149,172
29,880
105,105
53,479
53,741
82,77
64,23
57,725
76,411
27,815
198,799
93,900
55,581
175,565
55,872
162,218
190,79
139,865
111,631
188,850
196,564
102,474
92,895
43,619
197,638
22,316
115,714
53,204
35,811
192,506
46,248
2,74
184,365
170,358
178,959
132,631
28,408
128,539
167,841
59,326
176,218
196,890
109,380
12,686
77,568
100,812
103,866
65,645
169,678
75,277
63,135
145,89
152,348
199,572
148,656
111,718
136,197
34,62
34,556
49,857
38,992
189,951
3,797
147,383
68,829
10,268
24,367
111,536
45,651
155,529
136,78
161,689
118,15
34,829
43,771
142,278
71,282
164,619
29,874
178,334
59,937
85,197
2,542
151,753
109,602
65,583
108,742
43,981
156,170
129,259
163,605
115,880
154,265
168,333
93,376
195,411
58,112
93,593
114,514
3,980
73,128
121,618
28,812
119,419
27,512
158,350
80,687
144,417
77,578
100,497
60,407
188,607
163,747
90,307
111,495
157,306
107,573
118,824
172,397
199,410
142,175
177,982
196,399
37,140
153,219
144,340
116,403
124,286
152,825
77,135
9,563
185,316
97,430
154,408
42,929
97,746
99,99
189,240
73,221
178,968
131,410
55,160
179,391
40,677
132,548
127,473
90,114
186,44
148,561
8,639
27,427
6,555
62,597
195,95
150,29
15,446
114,989
198,741
38,838
40,932
110,783
149,466
74,364
179,436
66,874
125,929
194,17
136,431
47,110
16,815
154,801
141,697
55,95
107,378
97,213
160,219
66,115
7,304
79,413
175,964
37,50
22,114
121,383
171,434
108,285
180,201
71,199
8,25
46,976
150,542
65,782
176,663
182,230
156,735
200,904
182,618
16,492
68,41
200,617
34,595
195,529
153,928
59,514
169,268
107,698
1,485
114,28
103,879
33,960
62,212
83,313
97,182
93,87
183,922
166,44
64,580
148,895
150,304
58,204
43,618
155,564
90,214
168,783
36,308
20,918
166,283
142,663
108,884
186,467
130,848
149,772
182,30
38,217
176,697
103,121
109,833
152,691
85,525
86,124
141,863
87,692
48,485
43,131
78,953
2,205
186,752
116,157
159,890
86,218
81,315
184,532
126,678
30,129
115,659
18,881
126,252
131,374
82,294
65,52
125,38
35,447
170,380
39,922
7,346
158,697
197,69
163,495
128,923
95,738
70,829
20,675
148,97
38,701
74,879
1,500
73,768
157,219
93,1
55,419
148,289
108,814
61,590
118,40
79,947
63,26
192,39
152,36
139,718
34,265
128,190
120,418
84,294
14,536
113,526
171,873
130,882
8,572
151,136
65,859
110,79
97,595
44,16
25,55
12,30
55,204
77,861
97,913
121,102
54,749
36,772
93,588
17,421
160,880
12,836
155,431
9,606
47,26
159,667
62,136
100,903
156,147
113,839
92,790
96,539
77,478
157,525
9,815
135,477
172,988
61,778
50,690
108,916
132,117
110,436
62,495
175,486
6,452
39,857
30,945
113,790
26,93
162,138
123,47
48,213
111,82
156,49
147,807
4,624
95,136
68,3
176,89
124,212
106,637
3,991
77,390
96,61
92,891
97,847
127,621
31,396
33,775
141,259
168,35
17,246
101,629
113,830
78,48
42,683
147,229
45,744
49,762
83,973
181,422
66,950
143,266
40,435
72,247
69,984
75,119
143,397
43,303
122,955
164,964
165,288
167,266
151,763
43,923
153,190
108,850
98,870
140,558
67,400
124,51
107,315
136,635
153,757
15,800
155,862
181,179
53,30
105,746
122,183
22,707
134,495
89,882
79,658
82,279
75,983
162,146
104,206
80,518
123,266
195,132
69,753
15,970
154,218
128,896
59,118
52,774
21,539
183,207
31,789
152,173
143,665
71,131
162,616
126,153
156,988
54,632
131,267
185,894
178,457
69,555
121,205
149,282
29,343
141,837
96,252
101,922
24,285
48,551
76,280
1,28
109,965
93,742
101,398
98,878
198,227
30,136
125,597
5,192
183,511
146,964
35,891
8,15
32,277
8,172
110,779
70,111
179,675
160,72
113,798
70,229
136,961
78,710
88,423
24,208
189,270
152,550
38,620
7,83
12,37
38,777
133,949
193,600
152,544
200,545
81,79
119,57
48,540
195,650
66,603
78,392
183,279
128,918
6,838
133,958
69,308
91,722
166,77
112,607
57,811
171,504
153,298
20,92
2,252
199,107
121,968
85,747
115,889
67,890
16,781
71,621
109,397
31,438
75,906
152,272
32,40
59,225
47,75
88,502
106,703
50,210
102,482
196,809
134,870
43,498
138,52
63,327
182,875
11,661
126,952
138,176
169,767
189,805
40,886
125,932
171,300
137,296
48,743
142,889
40,643
177,321
57,647
73,674
54,171
134,666
121,562
49,529
3,541
79,789
137,935
45,535
121,129
187,758
31,199
10,356
80,40
180,197
102,8
129,418
30,789
66,327
3,624
33,854
14,769
16,643
97,446
137,483
168,406
145,303
191,551
80,637
61,631
95,858
10,784
54,344
189,350
40,27
57,209
191,996
97,114
26,693
99,671
72,848
130,868
187,757
136,496
97,657
183,270
7,298
76,155
156,391
106,407
48,460
123,96
127,541
178,889
133,543
62,807
5,960
36,724
103,319
85,126
90,15
57,319
99,836
18,266
198,903
66,522
171,823
30,19
193,243
109,519
60,87
88,471
161,307
42,605
61,473
122,202
41,102
159,732
6,80
29,927
16,608
144,40
173,170
198,168
51,166
34,668
38,975
107,715
37,548
4,772
118,605
145,910
99,566
35,427
140,281
47,608
85,223
107,588
181,971
75,57
25,573
142,550
117,4
77,630
2,128
191,160
104,739
176,363
35,911
119,838
51,892
33,753
78,25
34,724
140,918
199,125
80,869
128,304
92,820
33,846
117,967
168,793
149,931
85,804
172,33
180,631
92,896
88,686
1,789
75,550
182,532
22,348
42,90
1,9
58,571
70,52
177,544
160,778
53,447
12,293
171,238
56,157
64,219
177,75
138,884
93,207
89,562
114,651
63,503
52,200
5,773
107,451
25,511
177,53
105,653
167,221
26,391
44,153
65,564
3,455
160,266
127,77
22,461
122,892
5,932
191,519
28,49
143,782
30,989
91,276
41,217
74,672
3,393
57,566
55,623
131,873
166,843
90,119
95,233
90,982
44,395
96,90
90,368
116,879
191,919
56,47
135,908
101,22
179,735
111,481
195,522
3,665
168,101
41,725
58,43
133,624
191,347
66,759
192,330
66,639
64,467
6,654
69,509
174,200
132,511
26,243
46,760
12,552
16,146
35,143
76,230
72,411
94,661
11,675
103,553
19,841
21,654
183,809
107,485
176,438
22,67
157,750
24,18
4,114
16,179
100,52
131,22
11,98
131,121
104,11
181,822
168,428
38,385
38,181
116,717
70,897
137,898
113,707
103,867
115,979
132,887
99,695
122,503
146,865
159,631
107,83
18,907
193,555
83,553
26,454
126,992
128,192
14,502
73,355
89,971
85,935
12,585
97,434
70,803
45,95
144,651
194,454
190,616
62,889
131,377
50,335
88,674
42,92
1,427
126,430
190,673
67,237
91,418
32,881
128,423
81,786
8,9
44,106
187,53
149,716
59,661
65,611
125,402
181,232
133,360
29,922
152,649
191,577
177,644
54,940
96,887
167,787
129,60
56,62
142,815
37,166
94,220
50,470
131,36
120,961
182,505
168,535
98,148
147,273
173,5
55,648
165,821
190,12
175,556
161,233
141,796
175,870
39,660
41,404
79,24
163,333
169,866
154,464
47,96
57,976
110,927
38,152
58,923
161,293
135,883
39,655
95,932
153,193
72,110
5,200
24,396
110,522
141,325
179,569
2,432
70,612
66,799
196,715
198,264
55,938
147,615
148,994
147,81
66,311
10,870
5,53
32,598
87,243
129,460
45,244
39,7
69,223
130,128
123,153
27,115
174,988
150,265
142,695
54,232
4,200
77,388
93,43
187,806
116,522
30,759
197,266
80,413
52,147
83,910
188,566
18,759
73,674
122,528
109,40
20,979
131,818
174,413
169,115
53,348
98,725
141,375
63,816
194,378
126,647
73,827
137,15
198,828
73,846
69,3
199,349
174,517
45,768
12,539
70,830
51,686
113,430
17,470
194,389
196,229
36,679
