35000
200,218
55,853
145,245
157,388
59,404
146,384
126,806
63,266
57,311
59,682
93,763
122,437
120,435
122,375
120,221
185,869
143,390
170,614
17,188
155,641
126,33
178,904
147,850
79,334
196,486
73,213
1,511
124,636
127,753
167,319
54,239
123,647
184,405
117,418
132,690
76,185
43,598
61,440
48,881
15,185
161,323
92,848
82,145
74,741
146,196
144,458
51,794
149,831
26,903
36,277
187,67
12,548
199,375
33,32
9,576
104,737
86,610
105,913
54,602
88,664
59,651
178,605
113,628
118,170
173,533
48,135
152,653
53,512
145,723
168,165
122,575
200,646
57,576
61,633
87,199
46,173
48,743
147,533
121,555
117,987
183,435
175,838
126,159
15,838
18,740
14,737
158,148
54,60
198,845
182,898
157,354
83,215
70,627
13,16
198,434
65,294
37,904
8,415
22,941
185,335
194,276
158,606
186,733
103,219
61,502
127,302
159,866
29,852
193,280
151,510
165,526
131,468
57,968
66,653
88,621
49,963
93,395
114,626
62,449
12,256
11,888
46,355
7,873
193,716
159,902
153,540
183,524
184,536
11,324
46,623
70,396
96,179
73,903
70,476
57,326
60,689
198,96
117,298
81,635
22,827
50,26
77,518
119,48
176,296
13,78
18,623
86,937
116,107
39,554
110,602
170,298
159,981
155,248
116,995
80,568
46,451
175,408
192,32
148,589
73,460
112,390
57,891
103,90
171,518
167,326
68,955
47,195
45,211
199,707
165,636
170,781
66,673
15,278
38,189
76,860
84,942
36,227
56,62
22,408
101,647
3,490
38,449
72,691
132,759
31,613
20,912
82,768
10,875
106,96
150,974
10,426
94,213
148,110
190,406
183,725
99,391
80,115
88,596
111,459
128,504
110,501
10,122
49,336
152,58
161,563
31,134
170,492
92,864
60,296
192,808
113,705
14,96
2,200
195,241
61,737
41,80
198,719
156,146
165,448
153,131
175,5
180,273
158,428
71,382
79,202
22,348
98,42
100,142
161,692
10,767
6,683
192,347
67,997
130,489
152,149
36,45
20,732
127,850
183,350
81,403
95,647
187,347
86,20
127,790
111,405
120,122
161,497
132,986
133,896
56,918
177,872
117,322
152,93
163,303
50,882
100,183
196,549
147,93
64,137
127,921
118,859
16,162
22,653
165,573
5,814
30,792
191,638
3,456
110,768
120,526
98,44
119,509
84,50
89,573
132,381
95,159
153,976
168,232
105,913
73,666
190,757
15,639
76,294
157,293
130,177
36,253
113,137
72,703
24,260
73,239
4,454
85,14
24,297
61,700
96,478
138,323
36,343
103,675
118,796
197,536
156,363
5,251
21,979
89,363
151,386
72,626
199,923
3,324
154,848
143,986
55,837
173,874
22,711
130,983
23,574
103,602
77,858
100,112
163,168
2,620
192,593
163,91
7,814
188,52
18,159
51,10
98,257
21,607
131,392
139,223
2,617
170,275
152,385
92,721
158,917
143,493
42,781
146,94
63,369
142,514
38,516
96,999
16,950
192,271
62,701
88,354
112,970
161,848
18,607
85,864
51,563
110,269
86,472
128,315
86,555
10,326
4,28
136,103
11,488
62,194
168,5
90,215
15,648
165,823
152,924
197,424
157,244
127,101
52,429
39,290
56,69
175,605
6,718
181,187
78,665
59,612
129,413
28,711
20,847
105,365
39,536
13,895
102,977
131,97
46,778
191,655
195,582
39,479
183,382
23,882
22,884
124,858
200,218
125,586
57,191
170,877
101,912
85,439
71,524
150,900
80,459
122,34
170,310
101,926
8,606
107,849
25,540
147,67
113,495
92,438
189,441
38,229
167,349
122,903
174,853
125,203
157,575
59,413
20,17
161,31
130,984
180,771
78,163
24,85
94,64
131,883
195,903
161,394
117,902
15,389
116,70
86,205
62,4
128,283
164,591
64,233
154,907
8,318
8,542
186,64
35,735
191,374
131,550
188,862
88,351
100,229
189,880
147,766
87,674
191,310
101,620
169,595
5,516
189,757
25,424
88,598
189,828
27,277
1,387
166,413
54,227
157,716
102,39
86,308
116,710
149,296
101,939
113,683
106,950
170,468
137,239
34,44
4,390
106,230
72,811
190,356
45,396
197,585
24,557
24,255
80,997
23,586
65,800
53,626
100,749
175,518
14,395
168,810
27,68
60,230
189,183
183,982
58,617
106,984
188,10
150,2
117,530
135,532
110,661
163,983
44,30
149,445
31,10
68,220
90,753
169,165
45,75
35,337
59,944
16,838
8,282
115,762
199,968
155,838
192,813
134,226
88,66
73,414
56,184
64,609
18,867
41,916
83,737
186,237
185,385
12,25
198,152
113,75
130,435
15,878
135,344
29,733
90,272
89,276
79,181
15,209
16,59
34,637
165,695
159,373
160,618
121,511
179,792
149,314
17,136
164,419
133,505
80,306
3,387
38,997
134,396
7,607
160,357
190,20
19,607
128,828
133,572
75,692
179,653
71,89
82,278
92,853
196,875
30,649
129,964
169,58
18,628
129,319
46,380
11,637
22,156
167,280
189,866
24,49
56,925
123,319
147,12
152,853
143,328
74,540
16,940
108,546
183,857
40,185
195,226
154,678
125,290
58,512
130,922
32,305
56,464
32,782
150,233
196,944
169,521
106,304
115,146
144,385
16,543
110,827
59,248
141,12
19,58
47,552
173,46
40,415
114,412
74,429
99,766
156,25
129,995
87,174
88,364
184,426
119,745
127,430
79,663
165,452
19,971
144,224
64,537
59,838
131,200
86,770
191,878
151,364
50,168
150,999
126,458
87,535
33,6
119,341
34,652
64,606
177,927
131,555
52,96
89,402
180,619
120,644
158,838
59,370
199,245
139,174
84,933
159,406
76,291
102,75
157,762
149,118
10,227
61,651
119,945
141,75
167,199
7,777
114,509
162,331
113,251
137,476
22,33
54,843
96,826
113,764
129,709
148,508
31,445
27,152
200,334
49,557
108,834
135,353
21,815
105,990
200,519
106,759
102,61
145,9
105,259
158,44
96,725
62,460
112,905
102,476
64,134
66,748
88,471
190,285
101,536
109,896
94,90
193,706
200,956
122,358
163,620
119,389
6,352
138,398
78,3
48,36
