50000
77,590
181,446
28,864
195,108
4,375
176,545
69,492
199,6
35,658
162,164
193,938
186,202
59,173
62,833
105,747
113,776
35,298
36,77
13,800
181,739
188,954
184,387
6,195
77,244
39,385
83,247
175,153
35,745
44,514
61,647
26,372
34,840
158,257
69,294
123,410
14,83
1,498
17,592
83,929
39,773
32,642
169,821
96,739
195,33
70,591
93,268
123,127
102,892
18,821
97,521
1,609
135,750
41,330
8,194
62,500
4,100
166,8
118,397
124,868
56,264
2,914
66,899
111,308
198,998
93,567
153,468
57,202
181,607
13,857
125,68
131,745
80,331
24,651
184,477
19,587
130,911
59,699
105,73
134,623
37,391
178,232
151,562
74,591
124,794
121,853
57,962
11,54
126,828
79,101
168,874
88,636
184,474
22,201
123,785
97,609
92,661
140,609
20,875
174,901
39,392
6,69
129,387
26,373
91,56
110,972
95,483
34,529
49,431
11,366
57,627
151,975
69,24
3,16
127,268
149,277
99,412
100,955
146,566
151,109
129,466
111,26
62,418
47,240
133,128
193,224
181,544
154,774
105,867
24,25
156,198
98,298
10,33
147,275
177,233
106,180
163,162
68,614
171,831
54,952
71,789
156,587
162,4
46,182
124,149
88,881
107,26
4,1
180,48
162,961
49,777
128,160
41,690
187,387
180,344
100,43
56,529
116,285
56,5
160,250
81,205
41,167
181,311
59,867
45,682
186,856
185,171
37,877
71,738
166,624
121,554
69,488
46,152
47,443
154,633
97,448
43,347
125,519
142,129
196,625
149,108
30,465
71,913
87,666
79,230
192,242
184,925
115,934
21,248
2,408
175,694
116,610
132,196
90,135
183,508
5,178
62,794
121,716
28,886
3,71
155,63
116,425
199,654
8,779
41,561
81,930
4,702
11,727
22,412
5,373
87,449
79,764
121,600
36,266
55,395
17,182
153,347
4,574
120,691
99,575
86,307
166,792
198,971
109,366
86,340
194,4
63,624
45,373
117,483
196,136
89,735
6,536
12,295
157,277
48,392
132,735
196,134
20,885
72,347
76,43
49,511
73,945
67,330
102,548
13,215
39,401
160,420
3,905
77,197
157,905
163,477
103,717
99,21
175,875
78,25
40,387
186,360
148,476
34,42
192,632
47,84
110,447
173,238
120,10
77,780
100,187
76,391
114,21
113,692
177,461
193,803
170,563
25,717
152,426
26,265
138,554
130,921
57,267
13,387
113,651
192,961
38,839
84,186
188,602
61,279
88,587
74,120
105,53
128,104
62,68
23,719
142,241
65,750
45,400
167,51
120,566
7,924
93,121
157,942
148,59
119,507
171,564
97,29
65,957
88,155
86,275
162,110
123,934
155,872
158,975
96,536
1,286
106,653
32,637
53,410
165,204
53,587
8,93
192,658
94,10
20,521
58,634
200,843
58,497
102,750
33,932
86,771
82,11
177,671
108,331
17,717
53,564
181,390
129,720
99,396
125,971
15,423
36,91
44,515
56,126
156,773
72,990
109,552
169,478
178,337
109,608
75,776
148,139
65,523
22,259
14,970
193,202
102,949
33,997
155,398
141,683
58,210
56,611
60,151
21,584
178,787
137,136
148,966
39,631
111,874
83,150
87,766
96,256
164,87
66,188
173,329
89,324
123,544
7,237
64,888
2,984
187,739
126,215
3,219
29,217
1,982
12,845
200,284
74,719
164,326
181,381
154,420
74,129
142,513
131,375
97,992
96,149
141,568
77,998
164,866
127,554
130,52
61,68
18,716
55,480
46,599
8,471
98,804
182,473
103,682
17,290
177,730
161,784
53,907
141,358
141,171
62,725
102,40
158,277
153,686
100,795
92,715
12,466
30,605
171,891
142,684
5,851
163,473
76,682
50,823
153,248
82,973
145,357
65,948
112,325
81,50
112,894
64,700
8,314
176,80
193,163
64,244
33,827
5,691
2,956
145,794
81,932
180,348
162,369
8,823
54,23
91,12
165,999
183,301
50,854
129,669
87,448
105,290
3,743
134,307
82,435
118,157
97,43
67,971
153,30
63,680
46,771
42,312
188,97
59,437
145,963
12,700
139,112
137,289
199,181
130,596
148,618
108,158
115,313
44,635
77,633
122,888
80,999
55,680
67,362
171,333
83,667
172,270
91,403
114,651
145,270
119,917
145,898
51,465
18,10
13,965
57,316
158,435
17,508
146,13
194,43
124,103
154,3
116,982
129,534
183,483
91,810
85,826
168,249
194,421
7,985
16,479
64,328
33,938
97,497
18,118
192,483
128,227
122,144
129,338
128,890
43,54
19,426
81,92
118,919
181,729
92,959
140,398
132,646
42,329
121,145
198,18
172,960
116,482
32,442
64,294
195,621
104,330
171,797
96,123
14,3
84,14
150,471
16,600
88,722
98,282
69,958
2,244
24,477
27,501
126,229
82,980
192,881
32,487
199,443
15,732
138,268
75,678
87,146
99,778
197,125
68,88
45,645
129,732
116,40
4,295
177,272
82,730
88,789
171,87
26,444
32,220
146,320
114,666
74,914
186,516
51,793
187,456
163,426
49,126
31,48
79,695
36,955
94,121
186,144
9,591
94,813
32,471
115,793
155,783
114,343
20,338
90,472
189,238
76,260
33,890
2,870
36,439
24,329
172,198
80,910
3,273
10,714
68,157
36,693
158,57
95,260
10,568
107,784
190,49
55,79
70,312
199,572
193,559
167,244
149,634
169,514
167,312
166,159
53,879
34,319
4,829
164,699
150,974
9,803
80,647
143,927
88,226
133,198
66,730
161,107
107,141
190,198
60,774
65,243
49,446
170,343
109,245
110,992
11,321
129,363
59,843
176,968
77,662
200,908
190,992
200,35
32,466
187,729
145,542
120,450
97,566
46,439
69,439
147,930
193,630
192,343
122,219
165,818
62,210
31,814
191,518
21,329
98,837
90,444
26,706
29,377
43,422
20,639
76,864
105,871
152,216
193,567
147,821
94,834
6,209
124,950
12,971
26,600
102,846
23,708
96,49
130,232
156,692
149,581
30,336
91,850
2,973
180,38
103,378
38,930
194,476
14,496
107,973
155,431
151,736
117,5
26,425
104,481
55,490
125,300
164,598
41,355
30,372
107,78
17,416
187,499
178,116
141,845
61,817
134,58
140,773
60,345
45,938
149,446
161,26
1,688
150,117
4,249
58,796
85,880
116,976
17,846
92,40
154,386
113,335
146,95
53,203
46,21
78,47
182,733
160,96
61,313
99,561
154,884
100,596
153,989
95,98
175,616
174,462
147,130
152,222
177,882
98,958
167,107
23,844
156,794
110,410
6,519
57,552
176,634
20,366
18,496
187,68
145,53
174,273
41,885
105,640
126,56
116,946
94,108
195,151
103,352
50,858
33,809
92,419
183,999
164,11
71,158
158,708
59,385
187,719
91,73
93,750
17,286
150,116
24,471
190,743
122,34
138,326
157,697
63,63
97,314
149,250
198,450
1,980
198,115
70,850
151,22
193,56
29,340
196,309
72,779
198,208
196,394
150,497
144,212
12,341
14,878
174,633
43,457
14,290
180,902
169,812
121,435
39,774
65,792
105,713
50,208
169,109
170,517
150,142
62,159
106,556
166,852
12,673
2,729
115,172
146,199
102,94
143,872
106,551
198,869
58,691
47,96
26,441
106,171
63,641
43,807
52,853
86,141
138,252
70,866
66,808
50,975
156,14
10,494
141,55
36,845
189,783
192,379
91,26
200,179
108,491
18,387
9,163
105,502
138,922
196,548
37,766
56,95
92,2
80,487
106,275
156,665
157,923
189,871
44,380
199,261
192,928
182,78
11,396
105,546
159,256
32,244
173,76
152,345
115,898
145,817
144,868
118,105
53,331
92,901
41,270
55,99
122,774
195,70
193,129
97,490
2,53
47,714
40,964
115,462
122,724
41,35
22,26
109,668
179,546
67,573
24,326
194,379
200,848
49,906
38,970
127,783
22,60
104,366
55,371
110,978
62,96
132,646
72,530
132,332
186,731
149,114
100,848
41,271
119,860
116,584
5,503
34,623
133,620
5,271
7,30
15,623
49,361
26,19
57,58
172,765
11,898
1,265
196,443
79,382
21,794
140,589
165,503
72,964
96,655
117,312
24,973
45,466
90,544
32,558
41,968
141,110
136,582
42,554
59,923
99,121
139,614
22,793
26,143
132,481
92,689
110,419
76,499
7,237
79,945
99,969
152,147
23,201
133,320
30,246
162,459
7,44
108,792
103,224
7,933
75,660
7,83
111,652
117,828
24,687
163,616
119,235
15,33
198,504
26,245
187,721
83,597
146,794
131,281
97,867
113,400
86,532
73,178
43,692
63,403
119,160
152,2
22,843
168,843
31,520
87,566
181,139
61,878
76,192
179,568
99,763
92,296
66,807
108,490
115,357
153,612
165,526
117,442
54,458
44,10
75,792
50,410
147,281
46,601
79,371
125,931
189,826
130,93
