250000
115,368
126,806
88,294
118,780
103,456
58,279
101,574
38,782
164,493
192,453
59,341
171,328
153,257
155,28
157,250
48,911
46,281
106,935
95,423
37,913
168,890
28,898
166,978
160,894
17,140
114,274
32,808
79,361
175,865
60,411
70,728
140,263
60,328
78,703
26,266
30,845
74,646
1,77
118,926
163,443
174,514
198,747
114,998
121,351
163,521
144,128
176,326
28,370
46,483
152,881
45,850
186,342
112,511
200,263
48,786
57,252
16,544
136,255
172,958
94,498
165,653
49,705
189,380
101,257
2,879
105,240
174,777
82,847
159,523
17,280
72,417
124,219
191,922
65,247
163,267
173,551
92,653
182,170
94,359
80,743
13,220
78,298
59,349
14,417
107,687
95,259
138,137
158,614
177,918
80,247
80,200
57,30
178,3
23,600
139,714
99,1000
88,576
17,379
56,149
185,19
45,701
142,214
99,804
53,915
194,941
152,111
150,982
27,248
198,845
177,68
137,915
26,827
150,230
106,457
62,152
108,97
110,595
184,813
20,209
143,505
77,31
37,36
185,722
198,947
124,93
180,370
161,414
36,881
146,618
72,694
75,141
114,943
143,521
33,657
9,832
126,352
62,63
179,818
63,236
128,830
137,467
48,39
68,557
44,148
105,61
192,751
7,222
125,775
10,990
137,844
110,628
75,238
169,920
60,477
53,354
161,258
129,752
135,405
142,306
45,762
42,49
169,72
76,805
103,531
104,84
119,900
98,63
100,281
136,442
68,730
153,585
43,362
77,844
138,664
128,460
1,862
81,54
9,376
164,883
154,121
140,18
84,110
77,616
119,331
73,239
190,443
37,748
194,829
162,517
6,793
39,599
119,141
92,948
92,144
127,731
97,934
151,248
189,278
90,473
26,115
81,52
174,501
97,51
87,849
112,780
120,165
183,611
26,912
13,338
194,53
156,345
51,437
153,831
115,142
171,746
8,831
19,842
37,536
92,864
61,498
185,612
107,714
145,266
140,386
177,778
197,401
51,1000
39,939
151,658
178,71
134,147
97,830
122,888
107,866
181,540
31,259
43,280
186,649
75,240
106,424
151,269
144,585
80,423
176,381
113,755
191,671
104,125
128,95
109,545
196,698
149,560
136,259
32,896
37,182
1,147
26,29
66,306
157,407
34,746
126,207
26,613
6,676
68,826
174,471
157,359
149,776
197,796
84,480
72,952
92,674
85,718
179,91
148,983
103,501
4,9
44,807
45,576
92,369
148,604
60,916
105,595
11,584
95,893
118,907
188,991
130,675
76,668
105,746
114,866
149,659
107,405
92,868
178,589
16,683
44,36
139,897
80,882
86,445
93,289
51,829
158,591
115,130
186,221
88,853
91,900
175,337
171,993
35,458
195,330
38,190
100,886
150,885
158,71
15,296
187,707
139,621
84,374
154,101
98,824
183,975
151,868
183,166
132,182
50,847
82,568
42,105
178,486
78,209
99,801
109,951
29,631
157,651
194,674
199,894
160,224
95,58
23,384
52,363
166,121
198,600
113,753
185,75
198,813
32,114
26,157
120,197
148,176
156,561
4,95
23,820
90,888
12,50
152,18
67,336
159,840
42,921
105,904
146,4
147,858
176,175
134,507
163,946
32,305
145,969
5,557
38,820
93,456
61,405
196,814
137,622
34,707
55,51
164,509
30,51
179,637
91,712
85,945
182,965
47,63
168,18
146,891
14,601
85,970
191,187
184,507
144,246
127,976
132,706
83,545
177,637
150,200
177,63
177,173
9,854
31,291
17,434
155,547
41,309
188,881
7,579
33,89
64,19
108,242
122,364
120,282
143,383
180,31
156,68
154,849
51,69
197,702
10,308
52,796
156,451
17,465
39,16
123,742
68,954
9,325
95,201
192,295
20,582
87,75
196,224
73,521
78,67
81,178
27,545
65,964
3,536
36,912
87,959
62,719
107,951
126,499
9,199
189,436
182,521
19,308
106,667
20,294
153,71
2,645
54,449
175,973
117,575
3,484
51,289
10,939
9,272
108,571
75,389
172,903
5,160
112,80
34,30
77,783
179,268
167,312
71,787
8,394
66,200
192,84
71,425
71,672
110,125
182,77
153,643
12,864
195,348
60,673
181,395
150,946
61,464
132,348
66,342
88,590
122,683
199,576
9,643
179,601
27,457
139,787
60,727
166,273
155,887
89,813
89,467
157,57
54,774
9,700
157,22
120,177
13,131
39,85
29,373
109,244
62,225
102,973
107,900
67,803
68,810
145,722
20,639
147,800
35,520
62,697
57,558
140,169
22,227
175,313
169,49
81,948
124,112
180,601
94,28
56,794
26,703
26,128
77,318
141,931
191,544
17,314
124,938
71,56
91,295
183,697
197,149
83,340
65,217
114,372
61,213
163,635
11,789
179,484
89,576
118,641
184,760
114,993
4,617
101,902
22,368
38,115
191,91
2,72
45,149
140,192
104,367
70,360
76,903
166,142
186,18
51,684
184,416
128,961
35,341
149,858
181,417
77,962
34,634
30,825
187,527
134,467
87,909
175,926
190,619
160,556
172,825
116,307
39,160
74,213
165,370
35,160
179,134
7,651
24,770
160,742
11,322
113,486
108,760
179,711
193,664
45,870
70,384
115,751
50,880
80,669
88,170
12,684
33,868
58,434
4,808
67,182
84,979
198,243
30,45
160,803
187,639
185,460
185,394
97,912
109,330
124,816
156,169
51,715
88,213
55,231
66,775
179,582
187,865
65,513
42,385
191,275
67,152
160,79
167,919
25,621
194,800
136,669
141,670
35,182
96,217
176,546
139,422
105,398
11,697
60,932
124,680
80,586
172,382
180,213
32,5
168,205
14,411
5,190
11,173
173,503
73,111
74,994
134,5
194,728
108,468
1,985
139,205
82,839
81,471
121,315
190,934
19,684
125,49
149,864
144,850
136,101
104,87
8,430
98,605
87,642
52,726
86,966
63,500
31,367
108,780
148,322
143,319
113,769
198,552
137,634
167,878
94,895
6,598
44,778
67,68
133,367
149,742
106,135
194,307
31,802
182,476
4,505
113,705
152,307
23,874
46,443
123,504
62,920
106,522
53,255
173,852
114,140
130,449
85,203
105,332
150,609
13,434
112,342
62,52
22,397
104,298
69,577
7,650
147,576
25,506
23,30
34,988
87,158
137,619
112,129
23,81
13,837
195,535
110,926
151,679
192,364
151,377
72,248
142,942
165,178
78,567
142,783
134,918
58,320
192,997
116,598
90,704
119,402
9,349
54,677
110,981
86,836
23,937
58,284
199,85
17,347
130,908
51,851
153,120
1,761
166,259
14,669
31,514
23,633
30,660
55,856
191,550
5,578
71,850
133,688
28,501
190,22
134,795
129,937
119,718
120,916
155,55
112,281
107,504
185,508
135,514
68,664
26,317
196,851
161,26
173,254
28,196
135,808
65,471
110,275
53,77
183,324
155,131
72,648
148,452
135,820
1,904
65,939
142,163
181,796
166,15
160,790
87,391
47,201
55,151
131,706
30,770
11,111
170,756
99,364
15,639
135,512
157,734
91,245
28,408
62,462
111,890
145,998
132,224
165,576
53,225
81,206
22,926
82,455
43,924
119,997
173,728
53,45
39,635
181,699
144,496
84,491
4,867
17,152
127,516
69,5
1,731
94,442
126,901
76,581
113,475
77,90
167,735
71,40
180,245
153,807
64,899
177,246
91,491
100,173
77,588
8,254
121,291
98,485
60,659
183,731
70,210
70,664
178,742
64,170
10,570
6,929
95,172
150,503
87,675
19,29
87,700
191,670
187,103
105,389
66,574
96,507
93,596
138,673
90,602
156,392
62,964
30,330
23,377
3,980
135,771
146,792
98,448
122,694
89,477
42,433
74,110
85,200
128,559
183,649
8,90
68,430
148,7
174,544
33,351
75,366
82,840
55,983
108,381
115,748
75,786
124,550
17,699
25,696
144,992
134,543
196,909
195,25
71,226
178,247
58,680
134,341
153,65
72,58
122,957
159,707
152,23
171,731
83,439
160,880
118,154
197,63
33,308
159,919
171,684
56,665
91,198
184,685
84,28
144,171
42,53
133,979
34,284
88,601
22,573
149,63
32,766
151,883
32,211
132,636
45,364
1,599
81,909
151,477
166,533
155,749
176,602
5,120
189,895
139,297
41,797
197,163
150,395
98,542
140,323
61,639
27,385
174,134
130,341
183,136
172,187
122,636
55,83
34,466
17,691
62,911
50,736
77,932
183,162
21,10
83,56
181,951
7,12
42,711
6,197
84,98
23,709
51,1
112,562
91,911
192,642
158,745
183,371
103,296
189,422
165,261
159,705
163,273
56,302
194,746
97,286
80,777
147,450
136,906
83,572
161,168
55,994
197,350
124,7
78,919
124,225
189,84
199,858
170,912
141,322
65,424
68,71
124,209
98,710
121,744
79,512
129,180
144,389
78,281
131,402
190,304
15,731
19,42
26,305
149,604
183,453
128,158
26,611
95,651
60,470
43,461
57,334
19,613
79,240
32,825
138,353
33,387
181,754
17,372
43,272
73,845
165,621
157,716
143,749
130,860
55,75
86,660
136,714
54,427
176,671
69,890
15,847
75,161
31,24
133,318
15,1
184,572
163,707
93,822
53,690
77,519
146,191
68,796
90,531
193,458
192,828
98,231
70,341
82,578
23,87
136,339
192,709
126,767
75,911
164,396
146,949
83,379
119,11
46,331
96,95
29,428
125,201
97,166
200,736
166,565
180,526
85,535
31,681
102,653
79,682
87,899
160,213
186,976
150,194
83,481
54,862
114,799
5,774
147,357
98,529
39,510
179,65
41,572
42,347
6,241
101,955
47,127
84,17
148,223
43,363
131,326
13,674
133,428
169,489
26,11
153,392
21,633
39,880
11,401
182,262
194,457
2,705
112,349
170,154
191,58
80,629
2,609
114,846
70,456
98,58
46,761
184,181
184,869
14,859
82,183
10,575
48,225
82,77
160,598
71,626
103,370
138,531
128,551
25,612
99,381
154,407
100,692
91,494
174,56
116,312
137,174
185,330
56,891
166,623
34,255
114,278
166,968
117,764
133,613
166,822
28,185
175,204
34,394
186,245
46,691
151,517
187,308
16,452
115,610
153,238
141,904
11,479
149,826
6,483
90,222
71,517
189,716
75,361
6,913
178,843
194,881
154,947
87,787
66,344
117,422
112,152
189,323
117,254
133,892
32,139
167,139
72,949
200,401
10,545
129,87
123,788
169,767
27,538
42,707
121,731
149,988
15,255
84,307
10,277
69,684
166,560
68,349
50,93
188,295
26,208
159,431
138,462
151,598
184,477
159,981
197,65
129,359
174,329
26,348
20,234
108,175
182,817
78,142
55,867
170,47
25,600
133,765
99,544
39,567
190,852
53,791
124,974
59,512
54,10
89,331
26,574
168,829
68,801
197,282
85,328
141,157
26,904
2,837
22,46
47,623
3,510
83,748
36,792
116,112
86,688
188,608
190,950
156,344
41,747
58,99
168,496
113,361
125,80
121,152
18,293
26,420
84,430
28,703
22,385
80,758
8,794
14,182
5,888
81,842
199,543
181,856
78,800
96,702
13,623
4,470
129,128
156,810
29,794
54,465
90,759
198,37
43,32
133,6
73,251
68,123
142,302
132,720
72,949
106,14
143,435
105,332
152,341
20,105
86,506
145,604
119,11
64,625
105,475
36,91
157,961
152,510
180,347
47,344
118,494
169,778
157,423
195,657
166,181
2,153
4,723
103,21
175,366
191,556
39,153
67,121
138,459
192,551
115,308
193,734
174,776
70,827
98,942
115,839
80,79
16,521
189,973
118,719
76,293
2,122
189,655
195,702
47,602
167,19
70,843
48,877
111,194
93,583
107,699
167,561
140,501
4,77
85,593
21,292
60,917
158,859
33,681
115,136
65,832
103,591
155,10
49,929
116,796
134,994
23,871
150,953
136,955
107,192
11,152
98,336
31,163
53,734
116,394
147,427
18,513
32,367
24,841
14,523
159,317
123,843
170,733
160,890
106,704
17,209
25,572
41,128
161,684
149,941
162,550
37,831
171,68
140,193
101,817
54,894
152,484
106,229
46,8
192,883
124,48
27,674
23,354
136,926
31,151
159,72
44,418
157,674
174,591
125,340
45,952
8,987
47,789
83,859
153,981
70,957
131,935
142,407
92,515
22,850
193,314
128,948
38,849
162,428
19,573
26,599
181,395
140,202
127,980
134,937
162,660
156,947
101,832
185,463
149,796
154,35
2,547
116,415
71,796
158,442
36,965
113,96
184,542
139,995
144,462
57,276
113,995
59,858
196,837
136,532
12,36
85,948
16,807
63,165
192,936
185,468
136,416
124,757
30,140
103,733
185,267
95,875
125,366
71,571
156,82
184,125
25,427
81,3
147,355
26,926
159,106
112,796
148,882
48,179
58,104
112,196
151,133
125,72
168,814
181,449
61,338
7,960
162,979
176,952
134,286
120,676
124,899
73,477
117,582
33,430
191,190
74,815
200,937
179,989
100,186
146,439
92,828
143,866
176,168
26,517
77,512
183,542
131,127
109,693
91,158
98,38
166,317
100,623
63,284
171,737
101,420
18,767
42,208
71,927
97,414
16,692
112,175
111,653
128,348
123,331
117,683
189,842
45,326
53,440
76,613
147,557
15,612
121,779
16,19
10,627
127,330
7,746
86,750
197,448
77,693
137,677
108,847
104,584
161,822
145,469
77,869
127,166
123,913
76,273
44,349
86,40
191,792
60,963
76,199
163,722
141,757
64,367
167,426
49,156
191,782
66,926
147,646
164,178
96,661
97,628
74,939
132,573
36,560
136,72
175,803
37,355
49,259
146,213
28,408
189,458
1,739
5,927
48,313
22,841
1,379
4,858
82,39
7,775
83,167
91,882
137,417
192,647
111,120
36,187
154,561
161,193
165,363
149,315
37,169
50,510
79,708
46,883
181,906
110,473
125,54
68,223
159,774
114,610
183,973
189,791
74,524
140,759
97,346
82,75
156,203
193,611
154,663
177,362
101,162
63,243
36,532
78,5
23,791
177,783
196,988
118,268
116,533
121,186
178,701
98,518
137,406
55,500
124,767
88,989
42,297
196,478
125,502
36,892
160,482
179,625
19,491
46,809
42,292
69,130
155,846
165,463
125,782
19,567
51,632
1,876
181,898
72,460
83,948
199,674
41,82
104,6
181,116
2,797
46,819
92,866
103,314
119,632
18,539
43,570
9,712
13,487
153,18
173,72
107,280
11,785
155,581
2,289
53,726
146,619
115,956
31,767
116,191
193,899
69,206
87,435
27,580
182,698
104,546
80,341
137,447
127,210
172,147
3,94
22,545
19,991
125,547
160,978
128,455
64,261
80,184
33,682
198,172
35,448
119,790
180,887
114,144
6,41
116,312
126,9
131,744
12,312
84,554
85,742
138,563
8,350
11,222
56,326
48,429
13,322
102,221
126,574
125,656
196,834
93,693
147,625
39,766
115,546
54,825
146,600
183,995
59,977
98,566
112,484
98,222
132,332
132,253
114,807
149,463
24,930
132,847
178,152
31,568
1,332
5,232
15,889
88,463
81,184
96,150
145,24
199,82
78,149
154,421
129,707
3,570
23,416
91,624
76,193
195,717
40,293
78,460
162,667
20,776
75,611
130,688
86,404
182,510
107,313
159,454
189,359
65,738
91,43
22,517
36,448
137,693
84,158
39,348
22,882
150,29
158,568
32,204
138,361
41,512
32,479
131,56
99,117
185,771
71,519
140,184
183,96
125,697
125,15
150,126
58,353
129,8
28,998
163,652
139,579
37,429
8,444
155,646
182,523
174,418
11,258
143,72
110,145
64,581
109,258
126,269
174,216
162,101
157,924
170,408
36,313
8,596
156,717
9,689
117,548
131,717
162,997
37,223
100,881
44,25
88,923
20,657
52,663
38,753
58,797
87,28
120,131
168,739
190,963
106,4
12,212
161,509
197,33
91,991
43,319
32,402
192,554
35,452
188,744
58,210
100,249
135,19
157,452
12,267
52,912
55,424
128,119
124,887
150,516
162,122
55,836
162,487
137,278
107,96
80,69
136,670
52,827
172,68
15,315
45,16
171,713
56,293
197,738
76,310
61,147
200,632
66,805
184,899
10,59
92,977
50,137
100,46
74,544
172,316
101,979
26,251
84,986
107,608
153,125
166,332
196,632
10,916
102,831
123,857
20,786
129,900
55,743
48,956
196,971
64,882
148,406
186,791
27,18
181,890
130,91
173,64
157,838
27,940
139,328
34,77
104,260
170,976
36,28
137,661
172,269
95,703
26,114
128,67
48,802
72,40
59,175
87,416
18,606
87,56
58,873
163,981
94,590
43,249
85,138
30,234
118,213
197,698
176,257
119,355
153,88
41,316
104,906
53,406
169,464
98,330
11,153
198,423
65,691
187,106
30,112
156,685
85,688
97,305
131,298
17,171
182,434
200,800
37,298
11,1000
102,177
23,22
16,510
121,891
135,601
33,366
45,636
12,200
100,326
20,577
105,483
161,245
125,474
53,960
27,859
87,501
121,980
174,482
93,643
138,987
23,550
92,515
17,228
153,24
120,102
88,267
9,558
31,511
21,464
4,159
126,373
170,269
57,527
57,43
111,399
57,940
25,637
5,604
46,826
15,113
169,731
105,286
91,207
9,825
107,53
200,72
8,866
91,485
188,895
151,975
190,558
179,191
65,19
156,757
142,615
41,844
157,288
112,761
166,624
46,42
20,555
38,471
24,736
170,954
87,756
121,655
129,486
178,13
184,238
62,494
171,627
67,338
136,736
107,865
97,487
181,666
61,673
134,693
66,229
78,762
67,807
105,110
66,832
190,889
173,325
29,515
44,994
92,500
32,91
128,439
23,657
111,137
50,683
82,823
79,346
156,385
112,97
65,343
18,666
137,362
160,237
11,543
43,194
110,258
184,378
146,246
76,600
21,926
166,569
166,5
42,124
121,324
171,412
157,544
194,140
124,113
106,797
87,2
54,545
197,386
173,589
51,137
144,868
143,78
185,450
51,898
149,137
18,713
193,585
29,503
149,926
107,383
122,857
67,677
69,287
28,647
96,82
103,841
138,754
30,412
140,918
87,661
163,424
28,38
153,913
67,529
55,292
5,673
6,975
64,803
31,661
163,711
158,353
13,993
26,481
48,920
116,715
48,62
113,129
138,198
150,967
127,107
52,410
107,875
102,684
178,874
53,276
115,12
94,53
97,188
100,207
190,427
79,572
21,239
72,930
20,726
58,574
59,890
62,547
53,817
132,410
60,448
92,929
121,800
125,94
196,296
92,181
103,43
132,963
147,677
5,698
172,445
13,346
128,675
58,236
198,622
95,213
191,386
52,433
102,558
195,308
63,252
24,289
189,360
14,506
43,563
153,103
46,192
20,981
159,368
50,4
43,945
10,755
36,508
194,228
198,529
55,68
129,415
55,753
196,861
100,278
115,510
104,443
183,213
154,373
98,242
47,360
20,899
172,632
166,446
73,823
105,86
142,578
12,606
157,956
36,434
16,858
126,811
87,949
28,358
110,885
170,493
108,891
174,671
6,495
92,98
163,941
92,221
101,980
154,739
34,4
170,793
185,926
23,295
33,791
127,377
46,656
19,811
84,824
80,100
60,831
14,397
10,541
34,768
13,240
22,112
181,607
135,323
172,394
70,538
46,346
49,180
62,3
30,918
66,525
174,109
119,81
124,166
36,725
82,211
191,843
15,235
56,582
155,258
134,910
143,941
42,592
153,688
172,393
10,994
145,808
196,761
23,455
160,887
151,466
63,324
88,66
165,97
15,600
172,978
123,489
80,246
138,980
37,666
142,241
161,504
181,422
197,959
200,178
80,290
133,796
23,787
45,166
102,105
139,100
79,546
20,488
24,121
127,657
101,104
47,795
36,732
32,782
97,850
151,504
96,654
119,14
73,838
117,932
101,706
16,432
104,465
59,276
6,778
162,90
101,114
159,343
178,329
21,134
62,272
114,812
82,374
3,958
11,825
129,585
182,880
136,497
159,732
185,870
180,264
107,731
188,563
57,728
182,579
132,431
49,314
156,77
100,83
147,321
49,845
4,794
99,796
16,4
176,720
198,595
177,747
73,98
121,730
178,899
144,735
104,185
15,99
133,996
24,703
47,371
8,783
196,325
76,353
18,734
154,818
160,86
2,375
55,493
176,340
101,194
194,570
169,967
91,101
95,689
34,147
27,227
76,795
87,872
104,648
132,119
143,672
58,229
18,928
129,822
147,643
199,318
1,701
125,323
104,603
74,966
130,830
6,341
52,526
75,835
82,335
36,360
190,917
31,933
122,140
29,280
147,892
70,854
55,248
47,24
64,222
137,437
90,961
151,463
31,152
42,716
164,228
85,22
83,142
9,146
98,147
133,99
174,294
57,858
18,157
14,813
27,195
94,647
54,187
44,106
28,905
63,310
81,801
182,340
81,847
186,123
159,573
103,765
6,611
190,700
88,367
102,823
117,403
132,712
10,298
64,66
52,923
30,645
149,488
154,93
70,135
110,282
167,808
71,103
167,323
2,742
82,189
93,731
123,296
124,952
64,351
154,448
153,584
13,880
152,394
17,259
2,77
199,708
6,554
114,759
112,848
73,245
79,616
23,788
149,973
41,352
81,254
89,823
11,983
46,259
198,194
200,974
184,563
138,874
144,818
100,328
43,787
156,423
14,311
79,102
28,951
96,330
72,739
53,526
111,597
49,999
150,965
54,443
66,933
192,10
48,896
35,596
112,541
75,395
93,886
8,244
135,176
169,287
149,857
117,362
146,799
101,371
58,690
146,157
9,111
141,82
74,975
166,684
176,324
136,523
106,910
40,604
5,969
180,6
157,461
101,799
131,582
49,120
40,105
45,979
163,144
87,780
146,401
67,521
172,322
96,68
23,929
151,210
153,505
126,13
195,197
45,660
130,405
165,348
59,576
74,110
17,501
58,42
17,361
198,563
7,329
12,133
55,841
176,926
100,566
139,201
5,597
21,924
12,273
112,575
200,919
24,332
31,532
104,94
66,566
12,944
110,500
126,758
152,294
106,175
7,99
148,523
57,329
199,458
128,69
180,405
144,42
163,865
146,609
91,499
172,666
184,586
111,218
76,130
95,400
64,893
120,466
172,376
130,680
119,505
168,77
11,830
183,38
139,700
34,976
190,820
176,895
111,858
76,196
74,400
186,559
163,595
116,516
104,636
75,764
9,115
154,811
144,787
164,820
112,359
16,731
195,749
40,559
21,58
5,168
145,874
19,66
156,500
118,963
166,352
120,853
175,841
187,392
68,114
109,710
29,34
113,51
126,686
115,512
46,172
158,195
189,282
78,718
166,448
75,333
96,126
193,152
22,247
45,447
83,584
50,876
34,526
37,889
107,222
47,336
33,849
41,81
133,74
200,425
120,56
154,776
138,448
199,1
12,211
47,691
188,75
137,874
140,932
45,418
11,62
176,426
76,399
55,275
22,184
41,761
65,80
190,596
158,208
73,360
161,195
144,274
104,671
75,385
184,244
40,850
15,178
42,621
61,736
193,862
93,897
161,759
60,199
135,754
17,744
136,264
4,235
116,279
150,653
176,118
176,223
155,141
148,357
185,113
133,325
176,460
38,964
44,915
185,245
189,666
132,552
37,22
162,817
4,800
131,826
177,267
135,367
155,46
51,460
5,485
98,710
129,313
96,833
193,297
10,70
110,639
53,495
90,578
101,746
118,564
62,60
63,384
131,673
144,523
112,322
87,760
47,104
151,859
47,224
46,626
119,346
107,525
135,506
117,24
169,86
103,897
101,653
10,277
85,593
180,983
165,475
109,450
120,468
70,412
56,388
14,26
74,261
33,336
180,297
113,620
132,575
87,168
20,313
145,469
181,738
81,342
92,638
101,109
24,238
80,513
4,170
115,419
88,498
88,709
55,559
76,103
105,306
154,127
184,613
66,850
181,629
126,540
194,416
100,133
142,919
21,673
95,585
12,407
58,938
120,953
31,845
77,140
156,855
48,840
86,811
3,796
93,69
91,940
8,417
107,114
48,945
158,802
80,442
126,432
172,708
145,337
162,341
48,263
72,310
46,955
7,463
94,822
105,966
106,432
131,139
198,528
38,557
82,688
160,800
23,771
61,32
40,831
3,264
62,977
95,161
167,851
199,787
46,355
45,320
50,512
99,436
96,85
190,423
122,749
54,906
30,31
198,516
94,703
23,135
13,536
92,344
122,913
63,81
83,701
31,524
125,218
87,624
99,336
31,833
75,904
83,374
156,714
67,673
11,408
36,318
181,483
189,894
163,216
106,98
96,710
115,251
99,420
194,768
111,439
24,280
33,521
8,197
168,112
162,722
192,753
153,224
138,867
69,229
36,721
195,836
98,208
121,915
21,399
98,687
171,241
104,181
98,974
127,860
28,49
143,958
19,488
140,568
104,960
157,359
1,725
82,582
200,110
139,229
8,806
103,142
86,24
47,593
40,440
112,788
184,771
49,48
149,171
84,531
88,261
146,936
185,753
121,101
125,27
20,428
9,892
98,651
188,197
157,494
191,318
109,321
70,212
158,452
36,740
147,453
171,286
152,949
1,819
90,342
182,761
198,296
186,550
108,534
131,805
27,343
94,400
193,350
129,964
116,272
77,150
122,685
180,345
6,458
145,366
118,338
94,869
103,452
55,109
80,65
133,966
116,378
150,416
70,602
42,141
131,121
114,420
183,760
188,528
200,690
161,538
96,618
181,463
81,683
139,549
191,998
171,908
112,1
118,878
192,10
114,748
38,349
195,675
130,25
177,40
127,471
86,526
52,313
146,920
131,796
36,303
119,683
7,160
176,781
177,433
73,361
46,957
134,171
32,985
80,979
116,875
55,677
67,356
6,946
143,610
198,899
88,731
98,154
86,757
84,438
68,448
18,989
95,395
81,758
73,247
190,281
59,53
17,459
165,298
169,134
99,679
92,542
95,807
185,130
52,581
64,536
40,729
142,341
113,17
153,349
131,785
77,893
180,81
19,234
18,82
144,90
29,533
94,897
92,386
80,851
149,418
195,322
185,148
10,179
52,769
125,143
127,725
181,627
106,338
142,44
48,495
197,103
137,962
176,60
92,647
10,553
23,37
41,246
96,764
168,232
62,695
131,632
7,436
153,633
136,419
39,109
147,390
17,220
165,20
46,613
29,130
51,580
145,783
155,610
125,654
164,192
157,697
185,374
76,158
38,27
127,642
30,930
78,753
153,741
130,792
173,363
191,331
170,916
125,23
54,110
69,556
155,45
13,413
41,268
16,874
70,592
111,794
120,20
174,876
128,973
193,321
104,814
24,435
141,398
66,923
162,350
111,984
161,18
59,625
144,549
27,366
99,64
46,695
98,588
190,32
12,155
64,724
140,956
136,399
151,807
71,958
134,11
18,160
17,799
199,323
118,891
56,557
115,871
106,344
9,797
15,827
50,37
57,760
100,787
148,766
99,827
43,398
64,673
124,928
164,522
73,515
42,435
112,890
113,354
144,733
48,294
95,31
7,711
191,564
126,782
31,713
70,773
172,433
198,928
164,767
52,363
94,488
68,646
54,242
116,493
171,122
51,993
178,323
89,20
80,319
13,584
147,917
158,156
38,941
109,388
181,118
141,308
67,438
7,770
10,88
16,717
77,887
120,104
67,722
14,296
46,610
196,69
87,830
22,461
142,189
17,740
79,669
70,953
128,975
46,357
76,803
111,986
63,100
169,756
149,171
177,947
199,554
129,7
146,524
12,405
130,175
144,249
9,505
76,413
89,270
13,5
11,760
153,320
130,853
81,73
150,158
186,97
65,431
184,631
69,11
143,242
126,616
56,733
87,645
45,387
138,916
164,384
194,402
179,434
129,918
16,791
38,453
132,39
90,151
10,215
67,181
185,568
114,772
14,997
199,558
167,672
87,454
131,799
99,17
22,864
45,594
141,437
23,855
167,884
96,166
26,52
14,687
163,684
63,194
115,593
133,693
77,771
46,578
180,722
198,240
94,117
176,573
41,3
146,791
135,37
153,655
20,5
23,796
36,637
130,30
156,501
114,217
113,3
149,676
51,230
57,991
199,218
192,990
124,808
102,266
200,995
185,510
85,892
11,449
163,25
153,393
46,423
31,689
128,708
85,949
119,198
36,582
4,960
175,596
41,485
71,561
172,482
120,327
59,85
175,309
154,183
156,108
64,623
9,556
31,234
30,697
168,403
119,718
150,49
4,90
98,483
137,321
123,536
158,914
140,790
65,426
49,493
191,130
24,450
53,163
194,59
23,24
131,647
193,27
75,977
91,142
75,859
188,237
136,879
37,613
77,993
4,1000
47,31
11,377
132,394
21,122
32,192
178,831
100,675
71,728
176,682
106,189
76,680
64,203
55,1
42,808
8,251
177,985
112,747
8,126
118,590
76,212
94,77
149,573
75,268
48,466
91,786
58,85
76,884
154,755
37,879
133,866
94,543
157,302
161,326
177,461
155,859
148,492
168,441
93,752
21,417
138,458
84,807
171,619
103,832
42,969
73,559
128,110
149,849
10,936
67,510
53,352
187,189
198,529
72,888
107,851
97,414
58,604
34,75
135,799
44,625
9,383
107,690
124,707
148,742
87,203
133,743
113,761
104,313
119,758
154,694
4,327
170,258
187,658
147,47
63,558
123,927
17,752
178,597
156,984
72,316
39,414
153,791
198,541
188,234
96,921
138,989
42,863
72,193
61,465
147,512
33,88
27,105
15,349
114,435
3,216
156,12
70,278
50,167
3,71
39,312
163,558
70,347
31,647
95,424
141,216
114,644
144,371
149,963
23,480
76,620
25,603
31,303
104,716
69,398
186,306
73,682
27,738
14,140
170,728
154,290
136,787
23,544
3,612
189,522
54,529
33,872
91,328
82,873
13,262
59,335
132,455
6,331
192,776
103,825
131,580
41,785
20,944
134,219
120,38
112,924
80,880
37,114
48,933
141,745
43,153
83,808
34,157
115,922
173,466
72,18
32,997
175,376
52,400
182,86
172,484
41,132
49,762
169,721
27,575
23,922
39,467
23,418
149,704
67,44
178,434
7,380
119,550
110,259
141,630
18,216
40,29
74,694
179,216
47,13
37,17
66,303
101,938
32,745
140,456
123,224
79,491
9,222
188,100
68,512
187,41
160,43
141,610
15,957
173,601
133,461
148,719
53,644
23,905
191,4
146,580
137,29
38,64
54,16
48,50
181,353
5,714
169,110
30,495
70,812
25,413
120,424
26,735
96,502
196,67
136,239
86,366
40,423
151,183
94,719
44,812
16,873
27,437
112,661
92,239
62,730
57,884
94,882
25,151
63,823
88,368
189,706
87,115
95,869
90,877
22,222
188,24
61,10
46,156
130,594
171,24
57,57
70,164
165,943
163,487
163,556
1,914
74,154
12,504
46,238
79,975
21,103
28,129
72,606
8,606
193,14
179,116
117,476
33,9
141,718
19,797
179,668
119,646
2,723
173,263
164,770
89,930
83,352
53,968
84,130
5,576
157,116
23,950
153,429
191,702
97,779
171,505
179,408
106,9
59,355
153,470
104,241
58,628
198,41
151,280
91,816
168,201
55,744
37,482
102,110
178,360
152,839
58,986
24,60
144,657
119,204
130,540
187,163
71,974
13,384
135,333
52,153
106,367
67,620
1,17
43,969
132,374
145,840
59,218
161,847
152,380
67,143
111,272
172,189
195,9
40,832
4,949
60,81
95,662
187,643
131,622
2,767
182,558
79,929
121,928
30,773
151,645
132,492
47,406
3,970
185,974
51,652
159,593
93,584
161,69
20,595
169,462
155,774
26,889
95,880
108,60
81,684
155,272
23,750
121,766
122,551
17,794
123,911
174,483
57,120
89,706
58,118
112,138
107,201
48,961
94,279
127,314
196,310
103,245
6,934
11,969
88,916
183,429
157,975
157,605
165,699
77,785
93,138
65,890
76,11
186,667
76,399
71,128
152,740
87,815
142,216
119,344
67,714
192,938
145,243
200,232
90,121
83,141
113,901
105,518
120,802
151,691
64,678
124,95
57,953
9,767
44,146
116,625
135,899
122,295
19,25
139,746
91,531
166,345
45,170
191,572
125,523
183,553
34,733
125,137
14,144
106,609
101,791
56,790
32,682
195,764
40,501
128,425
97,310
175,705
140,952
96,73
36,711
147,699
189,552
151,562
96,429
197,527
7,239
72,345
107,909
144,128
19,463
31,790
148,612
77,692
181,711
180,561
88,758
183,402
101,127
185,379
53,595
178,569
13,554
14,483
102,275
82,411
47,934
59,698
158,914
36,38
46,171
120,101
1,251
104,296
60,590
32,331
155,800
29,637
27,117
105,7
43,953
194,622
66,89
119,298
117,281
91,429
109,233
150,425
10,173
34,745
7,144
160,938
166,82
11,225
122,442
34,947
138,264
141,356
124,202
178,460
128,81
131,617
88,261
190,749
26,674
173,460
33,240
29,918
16,253
159,404
51,280
146,954
111,798
60,681
122,668
50,425
159,129
41,935
33,564
187,980
94,398
120,760
197,199
23,385
95,735
187,915
183,995
151,969
128,510
155,390
108,107
49,374
141,439
84,138
176,636
70,754
45,752
7,564
198,334
26,189
74,101
174,228
56,670
118,132
167,378
104,18
16,183
74,128
113,406
84,46
35,250
4,927
22,697
97,46
193,84
79,446
168,955
144,485
32,760
89,460
134,878
140,800
64,419
191,178
95,211
4,16
123,69
97,496
162,671
94,717
174,642
47,32
37,651
140,542
164,371
106,682
183,227
101,932
22,997
94,73
30,483
32,959
51,394
162,669
18,95
105,696
25,466
22,652
191,922
192,454
163,936
102,116
173,577
18,656
36,727
28,779
187,774
18,350
40,404
185,456
81,956
70,155
91,525
56,470
142,262
65,603
53,740
187,14
51,3
70,821
155,705
178,288
34,671
66,299
116,349
133,696
3,937
111,395
174,682
131,874
84,583
118,561
49,641
78,563
167,567
95,861
200,293
175,94
188,428
64,54
8,317
74,203
60,770
63,540
189,481
134,134
65,596
159,137
143,566
194,57
98,911
6,212
180,77
70,68
188,855
44,714
128,399
139,811
109,471
28,480
44,505
170,299
66,493
151,485
172,619
116,290
103,57
178,347
110,955
50,565
104,850
182,589
133,486
81,441
166,403
2,456
38,47
138,636
167,879
21,806
189,197
68,845
163,928
86,913
84,68
24,239
9,971
22,441
72,166
137,788
31,378
87,228
180,449
17,1
167,870
178,411
121,603
99,150
38,284
1,100
200,77
194,614
58,941
86,953
141,343
73,547
46,749
65,619
135,521
8,832
89,837
191,19
66,130
116,529
17,613
57,183
16,628
3,962
77,278
9,233
190,920
142,192
198,393
28,78
93,714
91,694
83,455
115,300
153,599
167,445
24,407
54,597
24,955
190,408
105,911
92,193
34,498
102,758
77,953
61,324
98,76
78,111
119,425
49,535
104,564
169,287
152,848
153,154
167,544
112,520
176,528
67,890
14,325
26,383
42,28
7,798
40,382
187,95
24,935
105,108
73,900
61,886
55,53
115,762
111,718
96,182
68,667
173,838
29,52
27,635
123,360
113,253
142,38
104,623
10,694
133,872
21,424
135,651
104,250
199,894
82,228
123,238
113,113
170,137
123,360
165,190
132,980
121,470
107,306
40,70
47,787
148,768
47,381
83,947
76,421
76,250
20,323
92,381
76,109
171,23
71,417
102,96
40,215
148,929
137,147
40,127
167,856
144,47
14,587
88,628
168,159
52,542
92,670
93,464
34,232
95,330
86,250
146,942
74,996
66,874
29,329
35,801
20,834
146,388
87,851
82,795
148,323
120,604
97,728
1,342
110,247
149,909
187,66
5,983
26,200
44,126
34,119
163,463
49,65
115,202
23,70
9,698
42,55
44,66
75,37
181,152
100,759
4,102
199,622
166,522
62,454
84,910
48,196
26,543
170,275
29,646
159,728
113,555
30,224
186,735
158,671
51,840
16,200
143,208
127,58
27,537
169,314
200,730
88,239
159,989
72,543
36,470
151,167
122,397
73,399
91,336
111,985
135,155
79,239
130,207
6,45
160,422
140,94
103,954
129,841
158,792
132,175
150,481
2,870
13,322
94,250
185,381
13,561
158,505
197,800
57,683
12,981
96,87
168,754
189,324
177,669
176,638
153,60
187,334
192,988
35,601
132,746
58,718
104,405
72,445
93,250
94,763
81,852
98,775
157,788
150,484
52,564
89,642
111,688
91,313
157,150
18,888
66,850
76,475
191,544
166,531
179,592
159,759
175,323
22,38
43,103
17,499
121,233
31,763
138,925
79,971
106,85
25,583
69,320
22,803
142,279
98,44
141,659
141,22
63,479
162,584
89,584
143,759
52,189
37,134
40,447
4,11
175,82
68,584
121,794
81,643
185,385
92,866
69,990
194,153
166,394
80,648
105,128
40,312
44,417
60,550
64,665
136,448
172,921
141,3
38,109
156,483
122,550
110,269
101,689
125,926
143,197
26,862
34,431
7,367
15,374
37,850
1,707
103,2
119,20
1,235
4,870
140,456
183,555
110,497
111,978
26,495
7,802
154,474
164,565
145,230
187,968
164,186
93,173
171,616
69,177
60,292
103,719
41,297
104,582
157,393
87,118
20,352
72,974
179,223
54,278
145,807
21,649
183,798
154,36
199,600
184,153
70,784
155,74
111,523
77,858
199,705
55,708
147,321
163,871
111,785
61,350
121,399
130,721
30,500
100,303
43,775
161,41
33,704
67,928
56,551
45,468
139,577
40,443
49,289
10,941
64,519
29,428
60,840
6,767
12,43
16,813
59,726
43,27
87,502
53,930
70,4
107,119
74,641
147,745
2,33
133,776
72,259
98,335
169,418
22,889
44,699
82,469
30,178
49,277
31,388
168,253
104,794
74,745
32,824
188,199
41,951
51,383
100,446
52,958
192,984
142,448
195,740
43,785
73,901
48,823
85,14
157,255
124,192
24,442
75,907
196,836
163,107
141,882
107,459
13,561
37,522
178,202
80,36
36,158
142,724
12,606
11,791
8,937
141,615
95,38
134,363
88,153
132,388
66,83
45,64
61,908
29,39
41,482
124,802
14,579
81,547
81,867
132,810
136,867
50,561
99,416
5,997
91,80
16,893
195,159
196,434
133,691
181,600
69,222
30,898
186,420
93,729
77,715
53,563
181,927
97,716
54,128
65,374
199,811
4,206
56,290
7,24
150,38
36,234
73,760
74,960
47,961
191,200
32,223
74,417
136,27
129,933
151,616
9,827
107,275
119,450
142,546
138,363
107,290
141,403
147,521
33,403
102,902
62,121
195,544
86,218
46,54
141,3
101,297
129,781
45,819
116,897
44,980
65,252
33,840
44,306
156,944
56,894
148,696
32,860
50,326
52,700
4,256
99,773
50,786
110,692
67,650
176,473
39,447
63,458
58,323
186,722
161,621
195,772
84,192
112,9
76,177
160,3
138,770
24,100
149,409
200,310
60,668
10,857
117,692
192,119
81,16
126,602
197,628
20,435
83,241
104,221
18,345
197,537
150,244
168,790
180,634
108,731
71,263
155,597
200,253
146,82
46,736
99,48
37,619
95,703
26,484
12,894
86,81
67,980
198,258
133,76
32,576
163,778
41,661
49,263
57,616
8,654
72,338
61,512
166,747
42,316
9,894
61,265
20,669
143,416
102,308
160,605
44,966
124,256
159,814
168,543
69,587
105,403
9,189
50,197
125,468
195,595
6,197
124,338
198,515
153,335
187,333
91,391
127,69
71,329
167,80
15,33
173,251
49,324
53,187
170,452
55,524
91,660
73,886
54,413
128,923
180,636
192,546
186,139
101,87
35,401
76,379
122,349
16,538
118,844
66,55
102,719
34,30
7,146
183,853
54,945
119,349
30,81
170,874
94,88
102,615
47,552
49,814
52,891
16,502
77,7
41,481
33,748
41,406
98,877
105,409
76,996
171,952
61,891
180,957
121,952
76,203
172,77
90,300
118,694
132,804
1,6
37,359
41,31
86,454
70,655
46,460
189,229
170,531
63,986
27,305
113,190
113,455
38,539
121,227
172,36
14,557
97,570
112,8
78,635
123,366
112,919
138,332
177,20
79,267
128,256
124,129
151,898
84,372
182,569
122,362
76,827
140,817
174,786
132,515
152,696
195,732
175,841
55,339
197,730
187,486
131,985
3,927
98,557
116,415
200,414
19,376
199,257
142,270
65,337
191,807
125,986
70,290
75,962
123,146
182,331
107,313
197,480
143,469
5,289
148,98
181,180
92,617
44,933
21,352
150,250
170,489
156,890
162,142
52,568
96,37
36,774
120,252
29,754
74,396
16,400
198,988
170,7
114,444
33,186
22,884
13,3
185,664
150,263
51,455
58,895
49,252
190,344
176,256
174,796
184,875
77,673
78,509
169,122
125,655
74,905
63,131
23,36
123,536
26,416
13,722
99,563
173,917
43,878
177,480
153,979
32,814
103,767
184,184
75,282
31,908
123,534
65,901
116,700
30,947
34,705
70,210
46,621
129,315
31,224
145,388
63,977
85,931
40,474
188,642
82,586
153,713
7,918
40,1
36,650
192,416
78,665
164,805
81,847
128,745
126,713
64,547
70,589
57,114
17,478
69,676
51,444
96,486
156,574
127,717
147,187
192,291
128,899
83,395
80,422
101,84
55,727
133,688
106,435
85,106
162,753
63,100
13,403
94,299
65,188
115,53
187,39
128,603
50,9
107,300
62,927
69,416
76,623
65,59
200,942
187,730
115,826
197,193
14,145
198,649
138,293
99,839
13,930
8,124
35,644
4,511
15,86
173,319
55,14
77,655
85,278
83,607
39,519
89,666
188,625
143,523
51,700
144,220
196,585
71,365
106,758
179,445
131,345
3,585
15,840
121,399
162,199
9,406
69,348
69,217
49,811
49,401
131,573
94,529
114,90
59,370
76,950
4,610
103,51
143,172
31,712
190,692
193,436
6,385
177,183
48,115
160,834
148,37
176,740
199,901
92,943
14,469
20,541
66,811
143,862
138,349
117,915
15,696
117,718
1,371
1,225
179,205
6,638
185,789
13,695
62,388
135,541
97,485
22,962
92,262
157,321
28,887
68,282
174,352
90,9
13,231
36,588
154,448
28,955
169,947
189,962
136,970
160,909
23,698
13,134
61,436
26,685
3,741
1,970
169,108
106,341
18,694
44,912
73,34
67,833
102,268
68,739
58,451
37,962
106,941
127,143
51,877
143,742
125,439
125,653
195,866
93,456
77,353
131,248
169,777
20,431
16,30
183,428
158,466
153,295
126,638
53,715
117,853
126,234
26,703
88,784
122,984
132,239
102,94
114,939
14,642
159,659
181,108
55,938
106,963
16,24
34,992
187,580
63,487
114,303
51,175
85,237
10,845
116,168
81,118
190,31
45,788
166,407
119,198
156,671
133,232
109,268
11,966
3,584
176,700
28,419
48,227
2,24
62,772
79,526
177,294
107,49
101,5
115,707
145,682
81,456
46,934
52,259
60,452
196,864
111,410
124,177
89,47
92,222
29,809
40,881
124,191
82,501
31,226
25,20
32,519
3,809
85,732
187,217
103,627
150,466
195,552
165,286
14,415
167,971
122,7
109,159
75,895
81,613
159,747
183,992
76,638
157,949
34,223
30,68
172,762
193,192
13,950
67,999
40,13
155,781
74,80
162,855
166,110
133,441
142,780
189,27
177,326
61,154
25,779
174,448
4,266
99,595
57,351
45,205
172,11
60,323
156,882
166,97
27,282
52,491
82,628
37,413
124,554
25,12
98,122
50,871
134,745
184,375
148,258
192,689
34,536
149,417
141,929
127,130
150,665
137,304
68,57
23,643
42,529
167,582
200,236
118,479
3,889
78,167
43,838
180,33
94,11
88,992
140,304
135,305
173,720
140,511
30,712
41,707
179,240
170,952
81,737
173,866
102,643
14,816
5,137
147,609
4,82
60,65
28,649
111,388
172,815
147,279
27,912
125,533
118,377
181,772
87,913
128,708
27,192
142,354
103,413
21,78
4,674
165,869
129,107
146,388
81,329
156,592
115,54
191,191
123,429
106,603
117,529
138,680
70,903
139,205
140,765
130,336
149,238
5,958
13,279
194,878
109,846
69,563
95,790
130,78
55,738
67,295
75,602
196,700
38,778
28,97
137,264
94,743
123,973
22,178
5,941
70,818
148,893
97,347
37,542
196,211
126,926
52,842
165,161
197,521
124,58
56,536
114,839
25,657
170,934
161,734
46,355
71,717
18,321
104,408
90,321
182,373
47,905
114,668
117,255
96,706
180,713
9,10
186,485
100,852
177,240
114,188
21,657
42,464
12,739
133,945
32,294
39,871
130,126
30,227
11,909
179,386
