5000
68,550
63,102
129,572
112,152
163,155
14,463
129,485
33,99
20,160
153,58
107,138
145,419
90,870
96,870
167,391
37,596
142,529
78,952
59,760
122,360
98,988
125,449
200,36
116,903
165,679
18,238
145,419
1,239
107,606
188,153
18,888
9,50
143,444
129,272
87,189
1,591
123,229
54,181
187,968
92,328
140,633
22,89
68,285
153,537
53,510
62,537
92,460
157,60
95,532
153,312
6,248
54,499
181,206
77,178
49,638
20,718
140,732
49,770
32,458
24,247
170,143
7,493
53,845
153,62
133,412
131,986
196,802
197,878
54,513
182,18
160,397
165,152
93,912
70,423
20,581
140,659
130,168
118,825
177,551
110,528
98,455
60,102
199,381
169,141
171,504
194,941
97,54
53,852
77,145
102,52
200,340
132,375
88,516
165,284
169,875
139,749
71,677
7,658
105,243
83,576
