25000
180,864
189,435
181,215
3,916
171,468
122,318
198,246
86,738
187,4
148,297
195,895
71,418
131,487
18,949
65,172
156,691
12,262
145,365
22,880
66,845
167,81
21,859
188,320
57,380
198,347
78,635
27,330
115,738
119,393
72,565
143,408
160,733
156,998
34,379
178,353
167,943
192,296
151,790
94,961
21,672
42,581
132,437
170,140
44,887
149,509
88,300
113,123
40,976
5,320
22,637
120,483
75,440
18,422
192,467
82,320
161,81
126,915
36,239
147,73
30,189
198,955
43,166
151,801
28,237
84,224
117,76
90,70
178,730
129,599
42,77
183,800
200,172
174,812
34,852
91,687
141,89
48,75
132,276
25,117
191,299
92,760
112,531
58,571
18,429
79,154
129,78
50,671
91,228
178,309
150,797
166,165
174,779
134,619
60,834
45,356
109,486
99,310
23,656
184,638
135,173
56,399
87,125
91,532
119,167
1,746
88,978
44,303
2,727
87,46
59,40
150,749
147,319
133,658
87,402
94,908
105,482
180,740
170,654
15,60
71,463
66,562
75,694
72,542
1,487
172,409
24,441
49,371
66,69
54,733
89,309
106,973
73,477
18,599
122,506
171,395
53,693
149,839
24,771
106,6
120,131
119,396
152,351
200,549
33,860
15,147
160,228
180,871
46,353
174,624
166,234
86,355
114,939
153,282
156,208
189,420
183,794
151,725
121,354
71,965
167,911
30,708
125,621
192,711
116,425
53,424
63,649
113,170
3,209
121,497
137,133
18,414
94,545
164,104
62,202
47,216
30,111
7,210
60,353
5,33
121,399
23,691
102,533
150,374
114,67
60,407
57,58
121,232
17,764
107,361
177,218
78,882
7,330
186,943
70,223
198,444
152,182
72,265
75,677
30,657
22,691
132,857
181,484
100,908
178,624
101,761
22,566
148,584
103,496
160,999
105,596
59,540
15,941
147,323
28,110
134,604
175,397
191,18
192,718
79,190
109,417
103,747
111,293
114,515
200,509
56,451
147,187
127,567
6,944
84,20
177,828
54,783
39,279
75,60
174,298
40,51
52,222
67,796
169,381
101,602
87,775
156,483
183,262
111,770
89,341
133,109
175,165
200,497
51,379
48,390
138,674
82,541
76,40
161,870
23,136
69,119
56,272
187,289
103,580
79,101
132,787
150,396
91,485
16,316
185,93
164,981
114,499
160,779
54,946
37,125
19,995
62,849
154,284
25,226
48,125
138,797
53,75
138,229
99,124
24,509
29,842
130,226
48,186
6,411
138,565
132,999
190,322
177,518
109,517
101,930
32,446
78,246
131,589
14,242
187,333
166,610
104,340
12,547
129,171
191,840
153,175
81,861
121,750
21,211
12,74
146,490
42,820
88,265
51,543
53,31
85,371
58,213
37,157
192,808
186,487
89,334
66,811
64,529
108,666
45,950
11,542
34,140
67,92
85,726
116,410
6,950
115,299
88,232
9,122
105,482
27,437
35,525
91,576
40,192
174,693
182,639
15,845
196,966
84,630
152,872
112,559
79,602
96,473
117,922
96,738
169,655
4,289
174,992
190,934
200,17
189,586
94,303
101,224
78,514
148,382
149,554
149,543
121,197
162,443
178,577
142,580
66,31
42,425
70,503
95,128
106,437
26,360
47,268
72,425
110,137
43,274
110,470
3,821
199,767
85,474
159,998
13,969
100,447
41,685
76,210
172,746
179,134
141,114
42,258
170,846
183,995
21,862
195,120
199,695
137,319
159,414
158,350
171,143
194,704
192,745
199,837
8,823
48,594
101,482
165,750
33,883
140,101
146,243
143,533
93,198
91,213
84,898
191,662
68,722
25,827
118,842
98,11
173,446
34,777
67,254
31,526
4,555
20,773
123,403
23,840
92,621
17,885
135,505
131,132
140,672
175,853
174,459
70,713
170,511
46,262
110,330
124,991
35,555
114,47
165,42
39,998
82,940
195,187
137,434
197,225
163,645
6,330
146,677
132,801
49,815
110,835
18,607
160,941
119,817
54,669
19,955
93,240
167,625
119,943
18,602
151,213
174,439
49,66
179,237
194,251
81,258
96,250
4,316
168,2
175,463
98,156
90,628
40,843
68,185
125,979
172,828
54,180
46,848
37,468
113,459
169,744
67,767
191,29
59,704
21,800
121,241
21,8
136,341
190,138
26,495
58,161
137,405
145,641
10,768
111,697
11,430
8,510
199,117
133,996
60,901
150,290
113,806
74,705
35,235
127,108
71,509
