50000
125,550
87,444
98,8
83,651
193,222
74,531
2,655
42,840
47,531
149,993
10,396
73,871
103,371
59,779
165,220
90,991
193,589
101,367
30,324
180,393
28,812
138,284
76,690
59,215
134,710
68,216
24,647
138,824
200,173
175,317
174,498
25,237
168,669
121,934
113,201
134,653
191,305
13,824
98,264
183,129
31,980
102,727
124,33
85,76
100,815
89,637
193,456
184,838
155,542
32,766
190,9
75,337
63,156
164,589
159,226
78,371
142,185
101,533
160,432
125,612
109,55
132,185
130,107
171,382
19,238
31,956
115,687
45,990
188,582
109,167
117,571
31,675
95,287
128,327
37,73
36,489
141,913
96,6
162,40
171,424
189,36
120,39
56,376
118,14
3,304
131,11
60,879
24,462
50,938
161,310
4,948
171,717
15,854
87,878
189,660
128,443
13,765
109,49
136,530
59,377
103,857
18,409
157,742
192,228
132,888
54,243
176,423
6,460
55,853
52,794
103,51
38,958
89,967
81,753
49,799
74,153
78,282
43,175
56,888
71,800
155,373
21,421
41,584
148,202
196,137
195,181
53,132
195,446
17,605
83,384
163,5
132,549
146,234
97,91
86,116
148,5
113,608
45,943
91,365
167,609
118,355
74,160
193,336
14,864
156,736
183,470
187,565
124,772
116,871
21,492
198,567
106,426
84,424
195,76
9,358
138,422
136,503
150,20
199,306
128,89
48,524
25,529
198,453
22,718
63,64
161,507
169,300
18,748
183,500
34,468
183,341
144,320
154,488
196,512
192,797
51,820
140,347
105,635
43,792
31,335
125,273
86,849
118,799
15,410
124,359
18,59
151,423
36,616
166,189
34,958
145,304
107,825
123,548
88,619
199,811
96,897
143,589
137,771
12,827
151,342
37,630
41,550
70,237
100,136
126,384
136,735
137,281
98,289
15,905
117,236
27,817
160,597
104,578
182,926
178,240
185,778
164,92
1,431
94,910
181,806
120,281
119,105
55,962
193,116
122,373
180,948
18,638
159,62
182,3
84,868
56,974
61,1
99,875
98,386
83,159
159,650
61,2
192,742
101,993
29,253
67,611
138,389
47,263
37,202
89,24
79,786
21,636
7,450
163,182
166,248
52,686
40,347
60,434
61,427
161,683
169,55
85,329
103,678
124,713
86,790
152,673
48,709
178,288
92,386
198,894
76,992
23,261
186,452
2,421
65,436
172,53
125,954
45,75
50,628
29,465
37,920
5,909
72,611
104,155
114,105
7,575
98,946
97,81
146,11
146,576
85,812
117,573
95,216
32,29
20,188
49,105
186,812
186,176
96,828
44,486
190,997
99,357
80,783
6,802
59,175
105,232
59,207
103,3
150,12
7,905
49,676
85,648
147,732
118,992
87,734
91,94
125,64
61,132
155,329
103,440
42,171
118,765
53,586
115,985
80,777
44,223
159,402
129,142
58,499
162,464
151,379
191,637
61,340
45,763
130,828
49,215
96,341
19,209
80,313
111,977
97,758
180,713
131,250
124,91
154,580
92,830
153,506
187,502
191,948
126,199
6,383
118,151
187,945
178,511
130,247
108,117
187,723
144,86
149,490
32,521
46,294
82,979
93,62
163,287
83,456
66,938
199,996
159,920
132,985
85,272
169,985
34,30
56,540
186,790
43,224
50,959
166,13
16,115
124,401
185,376
140,975
39,1
34,408
91,847
124,650
141,458
188,70
45,914
46,747
101,423
70,777
33,407
86,360
127,617
45,556
132,144
73,916
26,173
135,587
51,992
113,574
52,294
149,292
106,4
162,437
90,964
22,293
77,105
54,372
98,911
172,689
194,921
88,369
11,999
164,176
63,578
24,902
61,999
10,910
64,555
121,243
7,294
47,30
188,908
68,207
59,230
21,865
146,934
164,451
19,901
183,240
38,594
120,908
186,983
80,564
143,80
76,85
30,411
13,565
37,958
135,389
192,405
29,82
148,801
98,37
108,425
141,820
137,647
33,290
112,238
143,926
75,872
56,373
54,498
112,851
147,782
61,23
84,265
1,720
109,995
50,660
4,908
59,315
112,666
16,64
190,407
104,192
44,13
77,403
138,764
34,376
106,628
13,357
126,227
61,812
47,354
81,701
70,855
59,561
95,174
24,395
150,996
134,391
73,618
185,914
176,274
11,659
80,879
19,431
151,610
66,454
57,844
8,955
7,673
189,223
200,892
72,70
15,737
111,754
88,403
172,791
3,673
109,405
196,754
11,68
11,662
129,155
188,823
47,788
45,186
147,635
50,476
91,93
141,245
192,539
8,628
189,869
73,824
131,353
14,324
49,352
57,830
65,390
89,556
59,694
22,809
48,785
16,341
199,977
115,859
46,764
44,506
81,325
155,878
70,223
87,490
167,658
3,727
91,887
79,559
175,364
176,484
134,924
64,56
35,765
42,583
81,350
72,588
131,497
5,166
107,364
103,579
81,202
157,990
100,417
95,458
93,151
171,155
14,66
184,525
127,796
1,440
137,959
157,240
109,94
130,943
151,881
196,597
29,744
85,520
88,579
91,622
188,792
137,782
39,306
76,667
113,348
199,701
75,47
43,671
166,542
150,156
19,907
120,462
81,302
4,267
123,299
134,695
180,148
13,188
36,776
43,660
105,757
168,185
152,235
169,570
30,876
57,751
144,31
61,501
127,873
110,253
187,662
75,910
52,336
152,454
88,460
131,630
191,579
173,659
115,214
177,103
86,69
90,30
7,620
128,477
191,732
199,576
19,84
75,492
87,662
96,116
136,660
3,1000
32,701
66,604
136,970
2,92
19,537
13,353
13,825
70,109
32,715
8,790
17,395
45,167
123,217
44,72
6,181
43,602
183,50
2,425
182,956
127,884
115,957
23,672
60,398
173,237
40,476
109,837
109,585
180,695
100,816
65,329
81,185
155,119
122,259
175,507
154,113
76,996
4,587
166,723
97,188
71,250
43,188
98,445
101,764
146,489
100,281
141,370
116,450
71,121
41,930
92,355
121,58
30,534
166,981
190,475
197,376
101,885
80,974
73,30
112,631
103,902
32,433
33,625
16,796
142,403
111,100
127,512
146,879
58,87
122,498
182,235
3,824
192,503
131,662
110,43
52,978
173,971
179,302
118,289
66,674
95,784
29,319
63,423
42,736
38,364
168,903
73,177
29,731
35,854
152,677
62,263
9,325
41,981
92,97
91,742
94,167
17,836
153,283
79,230
133,43
68,143
10,881
129,862
192,471
40,14
95,632
161,974
15,622
34,547
86,605
66,257
70,13
28,532
19,148
111,492
72,570
32,623
79,523
32,460
171,414
85,614
48,859
46,388
65,599
47,728
85,135
170,300
170,757
28,983
73,796
126,390
42,213
155,521
154,933
23,897
16,775
34,598
20,929
152,579
176,215
195,787
195,52
166,618
122,734
156,136
83,697
31,424
44,596
196,948
110,376
173,112
60,136
51,602
77,940
119,263
25,789
9,211
133,963
1,861
137,836
190,685
15,414
55,958
38,741
36,492
177,255
24,432
61,416
172,806
128,650
139,729
152,619
172,2
177,749
58,60
100,953
183,669
16,507
118,810
62,441
95,79
112,458
144,689
166,114
15,176
43,605
87,165
27,490
155,967
127,443
122,429
99,478
108,142
5,367
112,972
136,742
137,710
80,70
173,956
124,176
182,315
187,729
60,903
95,283
15,188
24,484
100,379
23,713
73,513
47,499
149,978
179,519
17,985
181,248
183,936
127,296
104,694
108,138
62,228
161,509
129,324
141,383
63,82
89,469
22,501
163,652
117,808
26,3
92,284
200,932
130,1000
43,61
160,190
167,383
17,107
168,44
180,86
172,33
27,462
168,464
53,349
111,275
94,844
50,629
29,361
156,317
107,771
31,351
189,172
14,855
6,606
155,14
25,283
136,553
73,68
10,79
114,147
98,378
165,197
34,194
130,598
123,550
131,99
7,60
33,92
147,164
138,936
178,294
126,597
163,448
59,567
54,274
151,395
196,524
163,792
71,911
154,93
176,334
161,392
56,732
111,72
175,520
123,265
154,183
127,994
142,564
122,496
104,972
190,439
178,580
155,541
19,358
143,443
164,554
113,462
196,667
140,674
193,778
166,97
34,162
119,354
168,82
146,942
166,363
107,604
161,623
32,666
191,648
71,459
70,390
194,53
84,194
149,594
109,807
145,520
173,994
127,525
179,838
69,833
194,284
92,241
98,813
61,998
123,27
124,584
168,832
75,185
23,975
165,226
49,126
129,920
121,218
42,398
11,76
120,288
84,711
24,618
109,958
12,342
93,85
135,856
20,654
8,559
134,189
79,900
180,336
197,34
63,386
153,661
87,624
54,714
68,953
140,183
28,617
169,449
129,652
169,139
49,428
118,675
169,275
198,172
166,334
153,30
131,880
149,652
106,751
170,705
23,561
173,780
92,768
38,504
6,962
16,966
136,654
195,263
57,939
22,855
43,923
167,362
70,374
76,368
119,397
