5000
27,729
111,146
9,131
146,168
126,576
37,591
135,966
145,138
199,801
83,836
54,799
55,344
133,598
100,219
46,551
192,647
93,136
14,731
29,70
6,821
129,300
20,649
131,909
82,13
157,675
1,936
119,378
169,560
120,291
122,560
143,313
125,752
97,576
101,153
123,620
81,607
111,923
4,620
129,122
165,326
107,157
179,851
93,605
171,684
107,209
144,643
129,397
156,296
178,390
181,775
29,999
31,12
182,748
180,42
119,275
32,332
118,443
1,292
121,271
28,256
77,128
177,503
151,658
80,494
21,214
65,74
194,237
10,827
185,613
49,652
94,873
188,350
107,464
72,895
78,425
5,767
97,428
137,743
83,581
182,218
127,876
99,352
46,855
141,118
118,59
70,321
31,402
66,758
117,436
196,153
33,312
190,682
168,458
163,484
128,850
59,769
105,311
119,169
91,923
118,152
