10000
57,589
120,590
61,717
35,753
156,635
40,635
79,345
133,767
130,186
4,618
194,891
154,333
27,840
41,294
170,142
73,226
151,674
29,560
20,680
164,685
51,293
62,167
35,849
45,369
188,79
171,892
32,447
164,561
13,636
91,234
178,988
20,725
153,740
109,862
103,607
22,72
177,484
89,187
20,501
171,647
152,293
188,500
194,593
88,706
117,524
100,678
15,836
192,765
6,164
137,227
137,57
31,388
27,251
153,519
189,80
31,564
101,379
82,71
18,794
104,844
78,155
131,726
91,831
171,709
60,40
140,517
27,522
126,392
92,871
36,756
19,255
13,309
82,513
152,235
136,410
52,442
172,830
140,301
36,666
20,762
70,746
133,438
88,570
142,629
172,7
145,744
192,10
74,34
123,565
31,589
119,111
59,865
199,34
49,917
131,797
200,513
137,140
62,612
84,747
126,505
137,200
53,506
160,162
99,751
128,336
66,104
158,771
154,861
120,304
52,475
129,395
194,692
197,860
12,638
9,747
139,702
82,629
141,466
54,542
44,221
164,607
143,853
174,359
160,453
177,498
16,835
72,968
152,599
140,896
52,476
31,673
6,405
20,545
199,984
197,385
124,826
93,214
104,358
84,527
188,668
198,124
171,181
177,540
101,140
56,811
125,578
86,479
126,5
58,193
35,504
90,965
164,178
14,846
44,367
122,494
15,694
138,313
11,457
199,100
186,786
178,678
191,645
120,439
54,676
44,405
106,137
95,798
25,97
14,5
168,215
123,345
190,643
196,60
183,456
61,296
73,739
133,198
180,366
163,579
37,820
129,461
30,85
102,440
121,253
176,249
40,627
199,986
103,107
149,241
194,762
128,223
1,82
161,286
179,176
12,254
193,105
47,164
184,92
180,140
27,298
